8.049287194305e-01 -5.231716447857e-05 -5.911623008044e-02 -8.571260374372e-01 -5.370028861824e-01 -4.216427138359e+00 -6.740782755474e+00 -2.464553449728e+00 -1.381561271971e+00 -2.961445628654e-01 1.457510243645e+00 4.169226680727e+00 1.117281833704e+01 1.573830332359e+01 -6.674819903807e-01
-5.231716447857e-05 -2.173859642764e-02 -1.150619672943e-01 -1.074899465036e-01 -1.471390107376e-01 -3.352752439139e-01 -5.322657062546e-01 -1.675502761655e-01 -1.385708897057e-01 -1.552106440750e-01 -1.483132447661e-01 6.945840295208e-02 7.788577875561e-01 1.187958332084e+00 -1.289402931880e-01
-5.911623008044e-02 -1.150619672943e-01 -1.219141442696e+00 -2.811975445118e-01 -7.016496645999e-01 -4.604086990641e-01 -5.182684871044e-01 9.024772621681e-02 -3.600662582885e-01 -3.213554323039e+00 -5.537524674008e+00 -3.133301443298e+00 4.069169929381e-01 6.722077109648e-01 -5.883523490057e-01
-8.571260374372e-01 -1.074899465036e-01 -2.811975445118e-01 3.485536495506e-01 -1.042212606296e-01 2.708442065302e+00 4.251090599115e+00 1.800856990931e+00 8.834637486448e-01 6.416066309370e-01 -4.713881858856e-01 -2.931133759039e+00 -7.228159045327e+00 -9.489981156903e+00 7.492570649772e-02
-5.370028861824e-01 -1.471390107376e-01 -7.016496645999e-01 -1.042212606296e-01 -5.769621513730e-01 8.366469304246e-01 1.262327903101e+00 8.574034298304e-01 1.951764969448e-01 -3.794665352029e-01 -1.645717065334e+00 -2.315639202852e+00 -2.410085530067e+00 -2.639676349478e+00 -4.853713270398e-01
-4.216427138359e+00 -3.352752439139e-01 -4.604086990641e-01 2.708442065302e+00 8.366469304246e-01 1.657890239348e+01 2.631836283664e+01 1.050072859045e+01 5.693786282368e+00 3.830184146504e+00 -1.703984046966e+00 -1.545193519842e+01 -4.335335953464e+01 -5.878211437993e+01 1.857528181020e+00
-6.740782755474e+00 -5.322657062546e-01 -5.182684871044e-01 4.251090599115e+00 1.262327903101e+00 2.631836283664e+01 4.142857471108e+01 1.659580291363e+01 8.884070884985e+00 7.051172138728e+00 -1.928101159440e+00 -2.459991395995e+01 -6.855553037710e+01 -9.277350818638e+01 2.524500249992e+00
-2.464553449728e+00 -1.675502761655e-01 9.024772621681e-02 1.800856990931e+00 8.574034298304e-01 1.050072859045e+01 1.659580291363e+01 6.871119556001e+00 3.933630978489e+00 3.673126272918e+00 1.090105092022e+00 -7.988420153130e+00 -2.634876003022e+01 -3.570445314051e+01 1.453070234982e+00
-1.381561271971e+00 -1.385708897057e-01 -3.600662582885e-01 8.834637486448e-01 1.951764969448e-01 5.693786282368e+00 8.884070884985e+00 3.933630978489e+00 2.026248846720e+00 1.188583115597e+00 -1.426495485535e+00 -5.776772468289e+00 -1.428515069304e+01 -1.921462429184e+01 3.492234776639e-01
-2.961445628654e-01 -1.552106440750e-01 -3.213554323039e+00 6.416066309370e-01 -3.794665352029e-01 3.830184146504e+00 7.051172138728e+00 3.673126272918e+00 1.188583115597e+00 -1.086753309195e+01 -2.035842177247e+01 -1.360280298114e+01 -1.113831967008e+01 -1.670531433067e+01 -3.515751097676e-02
1.457510243645e+00 -1.483132447661e-01 -5.537524674008e+00 -4.713881858856e-01 -1.645717065334e+00 -1.703984046966e+00 -1.928101159440e+00 1.090105092022e+00 -1.426495485535e+00 -2.035842177247e+01 -3.673454418374e+01 -1.884693122361e+01 2.819861355774e+00 1.503323142553e+00 -2.689241103840e+00
4.169226680727e+00 6.945840295208e-02 -3.133301443298e+00 -2.931133759039e+00 -2.315639202852e+00 -1.545193519842e+01 -2.459991395995e+01 -7.988420153130e+00 -5.776772468289e+00 -1.360280298114e+01 -1.884693122361e+01 2.136669483296e+00 4.038230486678e+01 5.454334843543e+01 -4.180791083713e+00
1.117281833704e+01 7.788577875561e-01 4.069169929381e-01 -7.228159045327e+00 -2.410085530067e+00 -4.335335953464e+01 -6.855553037710e+01 -2.634876003022e+01 -1.428515069304e+01 -1.113831967008e+01 2.819861355774e+00 4.038230486678e+01 1.149169951013e+02 1.560734375622e+02 -4.684113530007e+00
1.573830332359e+01 1.187958332084e+00 6.722077109648e-01 -9.489981156903e+00 -2.639676349478e+00 -5.878211437993e+01 -9.277350818638e+01 -3.570445314051e+01 -1.921462429184e+01 -1.670531433067e+01 1.503323142553e+00 5.454334843543e+01 1.560734375622e+02 2.109022395194e+02 -5.822409496187e+00
-6.674819903807e-01 -1.289402931880e-01 -5.883523490057e-01 7.492570649772e-02 -4.853713270398e-01 1.857528181020e+00 2.524500249992e+00 1.453070234982e+00 3.492234776639e-01 -3.515751097676e-02 -2.689241103840e+00 -4.180791083713e+00 -4.684113530007e+00 -5.822409496187e+00 -8.957147758743e-01
