4.038935556432e-28 1.874523371181e-13 -1.704680411117e-12 3.703801182313e-12 -2.180504727350e-12 1.943993499398e-13 -3.988392206969e-12 1.284334270328e-11 -9.997276389758e-12 -1.097258813586e-12 1.208661768917e-11 -1.517521633642e-11 2.144318205660e-12 -8.956478648855e-12 -1.249271875957e-12
1.874523371181e-13 9.738660846103e+01 -9.123438217666e+02 1.957456700314e+03 -1.142131508680e+03 8.166664639122e+01 -2.074281990847e+03 6.706479011078e+03 -5.162597430794e+03 -5.363416143072e+02 6.465982130801e+03 -8.064137179729e+03 1.113831084746e+03 -4.841928102837e+03 -6.701521134023e+02
-1.704680411117e-12 -9.123438217666e+02 8.602413365443e+03 -1.839450257021e+04 1.071153820332e+04 -6.844948376516e+02 1.902786324208e+04 -6.195556433934e+04 4.766436343547e+04 4.938346224189e+03 -6.019898658161e+04 7.497760596247e+04 -1.056505150947e+04 4.539965478346e+04 6.433115420267e+03
3.703801182313e-12 1.957456700314e+03 -1.839450257021e+04 3.937843423324e+04 -2.295436822095e+04 1.473536306141e+03 -4.044861253614e+04 1.320057081244e+05 -1.017703698652e+05 -1.065932849719e+04 1.280627384876e+05 -1.596216480676e+05 2.279857790150e+04 -9.667621401463e+04 -1.385896937708e+04
-2.180504727350e-12 -1.142131508680e+03 1.071153820332e+04 -2.295436822095e+04 1.338887114684e+04 -8.832147432911e+02 2.370323344729e+04 -7.724449942275e+04 5.957636203250e+04 6.241938659395e+03 -7.479274369134e+04 9.326284327054e+04 -1.325164897089e+04 5.636930153122e+04 8.028475363288e+03
1.943993499398e-13 8.166664639122e+01 -6.844948376516e+02 1.473536306141e+03 -8.832147432911e+02 -4.331232829929e+01 -8.164682153545e+01 1.680514432710e+03 -1.786749988833e+03 -4.603207819778e+02 1.724582841853e+03 -2.347854976218e+03 1.444468926622e+03 -2.009931866624e+03 -9.505575726828e+02
-3.988392206969e-12 -2.074281990847e+03 1.902786324208e+04 -4.044861253614e+04 2.370323344729e+04 -8.164682153545e+01 2.377878430383e+04 -9.487963000903e+04 7.808759849017e+04 1.167520636474e+04 -9.566644737016e+04 1.203832957264e+05 -3.175173652553e+04 8.172549870998e+04 2.055308811518e+04
1.284334270328e-11 6.706479011078e+03 -6.195556433934e+04 1.320057081244e+05 -7.724449942275e+04 1.680514432710e+03 -9.487963000903e+04 3.492349567764e+05 -2.806141245160e+05 -3.754319186588e+04 3.470511820106e+05 -4.351414587017e+05 9.581144107379e+04 -2.837997481166e+05 -6.108972173727e+04
-9.997276389758e-12 -5.162597430794e+03 4.766436343547e+04 -1.017703698652e+05 5.957636203250e+04 -1.786749988833e+03 7.808759849017e+04 -2.806141245160e+05 2.241086815976e+05 2.896293518312e+04 -2.767862916610e+05 3.469657571648e+05 -7.169627229318e+04 2.229457518612e+05 4.531720016068e+04
-1.097258813586e-12 -5.363416143072e+02 4.938346224189e+03 -1.065932849719e+04 6.241938659395e+03 -4.603207819778e+02 1.167520636474e+04 -3.754319186588e+04 2.896293518312e+04 2.679379645044e+03 -3.598173397701e+04 4.508409964472e+04 -5.260144239479e+03 2.662917180765e+04 3.059923830181e+03
1.208661768917e-11 6.465982130801e+03 -6.019898658161e+04 1.280627384876e+05 -7.479274369134e+04 1.724582841853e+03 -9.566644737016e+04 3.470511820106e+05 -2.767862916610e+05 -3.598173397701e+04 3.457786802448e+05 -4.324351606237e+05 9.140050601174e+04 -2.807091321189e+05 -5.829064337904e+04
-1.517521633642e-11 -8.064137179729e+03 7.497760596247e+04 -1.596216480676e+05 9.326284327054e+04 -2.347854976218e+03 1.203832957264e+05 -4.351414587017e+05 3.469657571648e+05 4.508409964472e+04 -4.324351606237e+05 5.409906005814e+05 -1.136897639030e+05 3.502108384887e+05 7.235784624513e+04
2.144318205660e-12 1.113831084746e+03 -1.056505150947e+04 2.279857790150e+04 -1.325164897089e+04 1.444468926622e+03 -3.175173652553e+04 9.581144107379e+04 -7.169627229318e+04 -5.260144239479e+03 9.140050601174e+04 -1.136897639030e+05 7.946345159682e+03 -6.440003689755e+04 -4.149136127315e+03
-8.956478648855e-12 -4.841928102837e+03 4.539965478346e+04 -9.667621401463e+04 5.636930153122e+04 -2.009931866624e+03 8.172549870998e+04 -2.837997481166e+05 2.229457518612e+05 2.662917180765e+04 -2.807091321189e+05 3.502108384887e+05 -6.440003689755e+04 2.217706427771e+05 4.058006097006e+04
-1.249271875957e-12 -6.701521134023e+02 6.433115420267e+03 -1.385896937708e+04 8.028475363288e+03 -9.505575726828e+02 2.055308811518e+04 -6.108972173727e+04 4.531720016068e+04 3.059923830181e+03 -5.829064337904e+04 7.235784624513e+04 -4.149136127315e+03 4.058006097006e+04 2.055809902395e+03
