-2.232835033784e+04 2.896507743883e+05 -1.246184554283e+06 2.103150234923e+06 -1.148127222684e+06 1.325451588568e+05 -5.451343126919e+05 2.000220022815e+06 -1.815532991658e+06 -9.732356607305e+05 1.493568064106e+06 -1.658837617142e+06 2.118694187431e+06 -1.506604054298e+06 -1.285548266543e+06
2.896507743883e+05 -3.508589848060e+06 1.402231283032e+07 -2.239237017778e+07 1.184244141778e+07 -1.805846867853e+06 8.439454227363e+06 -2.407211906696e+07 1.943608760912e+07 1.078684513767e+07 -1.909692469947e+07 1.928081833552e+07 -2.186183605993e+07 1.650479336987e+07 1.291319076527e+07
-1.246184554283e+06 1.402231283032e+07 -5.104988303067e+07 7.516591141124e+07 -3.774557784496e+07 8.106960687453e+06 -4.176026460053e+07 9.437715455379e+07 -6.514176875903e+07 -3.843075513861e+07 7.986852452037e+07 -7.202640180141e+07 6.983654921256e+07 -5.723966360798e+07 -3.937042780415e+07
2.103150234923e+06 -2.239237017778e+07 7.516591141124e+07 -1.017818964687e+08 4.806440125033e+07 -1.408300154603e+07 7.702186288949e+07 -1.486199727465e+08 8.819426643295e+07 5.538326888695e+07 -1.323135274266e+08 1.089162984502e+08 -8.909806205493e+07 8.043408500322e+07 4.722437983572e+07
-1.148127222684e+06 1.184244141778e+07 -3.774557784496e+07 4.806440125033e+07 -2.156339322012e+07 7.792644935298e+06 -4.391414209858e+07 7.777182648872e+07 -4.153598452327e+07 -2.734952544255e+07 7.132629633915e+07 -5.553534699327e+07 3.997288797160e+07 -3.898980121985e+07 -2.000458309760e+07
1.325451588568e+05 -1.805846867853e+06 8.106960687453e+06 -1.408300154603e+07 7.792644935298e+06 -9.170637892546e+05 3.941293371395e+06 -1.484620799451e+07 1.357483460907e+07 6.812493026806e+06 -1.124897086588e+07 1.282457968242e+07 -1.483283298679e+07 1.115832498634e+07 8.991462983875e+06
-5.451343126919e+05 8.439454227363e+06 -4.176026460053e+07 7.702186288949e+07 -4.391414209858e+07 3.941293371395e+06 -1.367754964425e+07 7.369330150988e+07 -7.516814361689e+07 -3.693731205535e+07 5.229536386982e+07 -6.560861228928e+07 8.524427033403e+07 -6.027360607948e+07 -5.268488024421e+07
2.000220022815e+06 -2.407211906696e+07 9.437715455379e+07 -1.486199727465e+08 7.777182648872e+07 -1.484620799451e+07 7.369330150988e+07 -1.906395123091e+08 1.455843127453e+08 7.955067266883e+07 -1.568117348525e+08 1.528814497588e+08 -1.530139639268e+08 1.233164743250e+08 8.826965101187e+07
-1.815532991658e+06 1.943608760912e+07 -6.514176875903e+07 8.819426643295e+07 -4.153598452327e+07 1.357483460907e+07 -7.516814361689e+07 1.455843127453e+08 -8.696780788045e+07 -5.246433671498e+07 1.305293217878e+08 -1.088339671311e+08 8.274549013350e+07 -7.810136636979e+07 -4.325106780305e+07
-9.732356607305e+05 1.078684513767e+07 -3.843075513861e+07 5.538326888695e+07 -2.734952544255e+07 6.812493026806e+06 -3.693731205535e+07 7.955067266883e+07 -5.246433671498e+07 -2.979568784345e+07 6.918106408437e+07 -6.185068371311e+07 5.149351520164e+07 -4.641588466984e+07 -2.832311742417e+07
1.493568064106e+06 -1.909692469947e+07 7.986852452037e+07 -1.323135274266e+08 7.132629633915e+07 -1.124897086588e+07 5.229536386982e+07 -1.568117348525e+08 1.305293217878e+08 6.918106408437e+07 -1.242460852125e+08 1.291666420386e+08 -1.409623964887e+08 1.084194006468e+08 8.324193471665e+07
-1.658837617142e+06 1.928081833552e+07 -7.202640180141e+07 1.089162984502e+08 -5.553534699327e+07 1.282457968242e+07 -6.560861228928e+07 1.528814497588e+08 -1.088339671311e+08 -6.185068371311e+07 1.291666420386e+08 -1.190060276557e+08 1.125988362838e+08 -9.312672300351e+07 -6.332305242238e+07
2.118694187431e+06 -2.186183605993e+07 6.983654921256e+07 -8.909806205493e+07 3.997288797160e+07 -1.483283298679e+07 8.524427033403e+07 -1.530139639268e+08 8.274549013350e+07 5.149351520164e+07 -1.409623964887e+08 1.125988362838e+08 -7.439438232265e+07 7.730938817560e+07 3.694729540794e+07
-1.506604054298e+06 1.650479336987e+07 -5.723966360798e+07 8.043408500322e+07 -3.898980121985e+07 1.115832498634e+07 -6.027360607948e+07 1.233164743250e+08 -7.810136636979e+07 -4.641588466984e+07 1.084194006468e+08 -9.312672300351e+07 7.730938817560e+07 -6.912635400114e+07 -4.164352733230e+07
-1.285548266543e+06 1.291319076527e+07 -3.937042780415e+07 4.722437983572e+07 -2.000458309760e+07 8.991462983875e+06 -5.268488024421e+07 8.826965101187e+07 -4.325106780305e+07 -2.832311742417e+07 8.324193471665e+07 -6.332305242238e+07 3.694729540794e+07 -4.164352733230e+07 -1.705692006891e+07
