Element Stiffness Matrix:
-5.985198e-01 1.762924e-01 1.301654e-02 -2.146622e-02 2.346208e-01 3.110659e-01 -1.252730e-01 6.443789e-02 5.906150e-02 -1.536196e-01 4.177492e-02 -1.795588e-02 -3.710108e-02 6.297074e-02 -1.564354e-02 6.338481e-03
1.762924e-01 -1.418972e+00 1.529677e-01 1.301654e-02 3.110659e-01 8.376252e-01 1.887134e-01 -1.252730e-01 -1.536196e-01 3.919717e-02 -1.042005e-01 4.177492e-02 6.297074e-02 -4.943974e-02 4.352414e-02 -1.564354e-02
1.301654e-02 1.529677e-01 -1.418972e+00 1.762924e-01 -1.252730e-01 1.887134e-01 8.376252e-01 3.110659e-01 4.177492e-02 -1.042005e-01 3.919717e-02 -1.536196e-01 -1.564354e-02 4.352414e-02 -4.943974e-02 6.297074e-02
-2.146622e-02 1.301654e-02 1.762924e-01 -5.985198e-01 6.443789e-02 -1.252730e-01 3.110659e-01 2.346208e-01 -1.795588e-02 4.177492e-02 -1.536196e-01 5.906150e-02 6.338481e-03 -1.564354e-02 6.297074e-02 -3.710108e-02
2.346208e-01 3.110659e-01 -1.252730e-01 6.443789e-02 -2.052819e+00 1.385294e+00 -2.021122e-01 4.141177e-02 4.943907e-02 4.408116e-01 -1.450163e-01 6.887803e-02 5.906150e-02 -1.536196e-01 4.177492e-02 -1.795588e-02
3.110659e-01 8.376252e-01 1.887134e-01 -1.252730e-01 1.385294e+00 -4.289032e+00 1.035283e+00 -2.021122e-01 4.408116e-01 4.542561e-01 2.852316e-01 -1.450163e-01 -1.536196e-01 3.919717e-02 -1.042005e-01 4.177492e-02
-1.252730e-01 1.887134e-01 8.376252e-01 3.110659e-01 -2.021122e-01 1.035283e+00 -4.289032e+00 1.385294e+00 -1.450163e-01 2.852316e-01 4.542561e-01 4.408116e-01 4.177492e-02 -1.042005e-01 3.919717e-02 -1.536196e-01
6.443789e-02 -1.252730e-01 3.110659e-01 2.346208e-01 4.141177e-02 -2.021122e-01 1.385294e+00 -2.052819e+00 6.887803e-02 -1.450163e-01 4.408116e-01 4.943907e-02 -1.795588e-02 4.177492e-02 -1.536196e-01 5.906150e-02
5.906150e-02 -1.536196e-01 4.177492e-02 -1.795588e-02 4.943907e-02 4.408116e-01 -1.450163e-01 6.887803e-02 -2.052819e+00 1.385294e+00 -2.021122e-01 4.141177e-02 2.346208e-01 3.110659e-01 -1.252730e-01 6.443789e-02
-1.536196e-01 3.919717e-02 -1.042005e-01 4.177492e-02 4.408116e-01 4.542561e-01 2.852316e-01 -1.450163e-01 1.385294e+00 -4.289032e+00 1.035283e+00 -2.021122e-01 3.110659e-01 8.376252e-01 1.887134e-01 -1.252730e-01
4.177492e-02 -1.042005e-01 3.919717e-02 -1.536196e-01 -1.450163e-01 2.852316e-01 4.542561e-01 4.408116e-01 -2.021122e-01 1.035283e+00 -4.289032e+00 1.385294e+00 -1.252730e-01 1.887134e-01 8.376252e-01 3.110659e-01
-1.795588e-02 4.177492e-02 -1.536196e-01 5.906150e-02 6.887803e-02 -1.450163e-01 4.408116e-01 4.943907e-02 4.141177e-02 -2.021122e-01 1.385294e+00 -2.052819e+00 6.443789e-02 -1.252730e-01 3.110659e-01 2.346208e-01
-3.710108e-02 6.297074e-02 -1.564354e-02 6.338481e-03 5.906150e-02 -1.536196e-01 4.177492e-02 -1.795588e-02 2.346208e-01 3.110659e-01 -1.252730e-01 6.443789e-02 -5.985198e-01 1.762924e-01 1.301654e-02 -2.146622e-02
6.297074e-02 -4.943974e-02 4.352414e-02 -1.564354e-02 -1.536196e-01 3.919717e-02 -1.042005e-01 4.177492e-02 3.110659e-01 8.376252e-01 1.887134e-01 -1.252730e-01 1.762924e-01 -1.418972e+00 1.529677e-01 1.301654e-02
-1.564354e-02 4.352414e-02 -4.943974e-02 6.297074e-02 4.177492e-02 -1.042005e-01 3.919717e-02 -1.536196e-01 -1.252730e-01 1.887134e-01 8.376252e-01 3.110659e-01 1.301654e-02 1.529677e-01 -1.418972e+00 1.762924e-01
6.338481e-03 -1.564354e-02 6.297074e-02 -3.710108e-02 -1.795588e-02 4.177492e-02 -1.536196e-01 5.906150e-02 6.443789e-02 -1.252730e-01 3.110659e-01 2.346208e-01 -2.146622e-02 1.301654e-02 1.762924e-01 -5.985198e-01

Element Mass Matrix:
-2.013815e+00 -1.079632e+00 5.725575e-01 -3.187333e-01 -7.505030e-01 -4.023543e-01 2.133791e-01 -1.187847e-01 7.505053e-01 4.023555e-01 -2.133798e-01 1.187850e-01 -3.356359e-01 -1.799387e-01 9.542626e-02 -5.312223e-02
-1.079632e+00 -6.012479e+00 -5.795178e-01 5.725575e-01 -4.023543e-01 -2.240714e+00 -2.159731e-01 2.133791e-01 4.023555e-01 2.240721e+00 2.159737e-01 -2.133798e-01 -1.799387e-01 -1.002080e+00 -9.658632e-02 9.542626e-02
5.725575e-01 -5.795178e-01 -6.012479e+00 -1.079632e+00 2.133791e-01 -2.159731e-01 -2.240714e+00 -4.023543e-01 -2.133798e-01 2.159737e-01 2.240721e+00 4.023555e-01 9.542626e-02 -9.658632e-02 -1.002080e+00 -1.799387e-01
-3.187333e-01 5.725575e-01 -1.079632e+00 -2.013815e+00 -1.187847e-01 2.133791e-01 -4.023543e-01 -7.505030e-01 1.187850e-01 -2.133798e-01 4.023555e-01 7.505053e-01 -5.312223e-02 9.542626e-02 -1.799387e-01 -3.356359e-01
-7.505030e-01 -4.023543e-01 2.133791e-01 -1.187847e-01 -1.006909e+01 -5.398169e+00 2.862792e+00 -1.593670e+00 -1.678184e+00 -8.996959e-01 4.771326e-01 -2.656119e-01 7.505053e-01 4.023555e-01 -2.133798e-01 1.187850e-01
-4.023543e-01 -2.240714e+00 -2.159731e-01 2.133791e-01 -5.398169e+00 -3.006245e+01 -2.897594e+00 2.862792e+00 -8.996959e-01 -5.010414e+00 -4.829329e-01 4.771326e-01 4.023555e-01 2.240721e+00 2.159737e-01 -2.133798e-01
2.133791e-01 -2.159731e-01 -2.240714e+00 -4.023543e-01 2.862792e+00 -2.897594e+00 -3.006245e+01 -5.398169e+00 4.771326e-01 -4.829329e-01 -5.010414e+00 -8.996959e-01 -2.133798e-01 2.159737e-01 2.240721e+00 4.023555e-01
-1.187847e-01 2.133791e-01 -4.023543e-01 -7.505030e-01 -1.593670e+00 2.862792e+00 -5.398169e+00 -1.006909e+01 -2.656119e-01 4.771326e-01 -8.996959e-01 -1.678184e+00 1.187850e-01 -2.133798e-01 4.023555e-01 7.505053e-01
7.505053e-01 4.023555e-01 -2.133798e-01 1.187850e-01 -1.678184e+00 -8.996959e-01 4.771326e-01 -2.656119e-01 -1.006909e+01 -5.398169e+00 2.862792e+00 -1.593670e+00 -7.505030e-01 -4.023543e-01 2.133791e-01 -1.187847e-01
4.023555e-01 2.240721e+00 2.159737e-01 -2.133798e-01 -8.996959e-01 -5.010414e+00 -4.829329e-01 4.771326e-01 -5.398169e+00 -3.006245e+01 -2.897594e+00 2.862792e+00 -4.023543e-01 -2.240714e+00 -2.159731e-01 2.133791e-01
-2.133798e-01 2.159737e-01 2.240721e+00 4.023555e-01 4.771326e-01 -4.829329e-01 -5.010414e+00 -8.996959e-01 2.862792e+00 -2.897594e+00 -3.006245e+01 -5.398169e+00 2.133791e-01 -2.159731e-01 -2.240714e+00 -4.023543e-01
1.187850e-01 -2.133798e-01 4.023555e-01 7.505053e-01 -2.656119e-01 4.771326e-01 -8.996959e-01 -1.678184e+00 -1.593670e+00 2.862792e+00 -5.398169e+00 -1.006909e+01 -1.187847e-01 2.133791e-01 -4.023543e-01 -7.505030e-01
-3.356359e-01 -1.799387e-01 9.542626e-02 -5.312223e-02 7.505053e-01 4.023555e-01 -2.133798e-01 1.187850e-01 -7.505030e-01 -4.023543e-01 2.133791e-01 -1.187847e-01 -2.013815e+00 -1.079632e+00 5.725575e-01 -3.187333e-01
-1.799387e-01 -1.002080e+00 -9.658632e-02 9.542626e-02 4.023555e-01 2.240721e+00 2.159737e-01 -2.133798e-01 -4.023543e-01 -2.240714e+00 -2.159731e-01 2.133791e-01 -1.079632e+00 -6.012479e+00 -5.795178e-01 5.725575e-01
9.542626e-02 -9.658632e-02 -1.002080e+00 -1.799387e-01 -2.133798e-01 2.159737e-01 2.240721e+00 4.023555e-01 2.133791e-01 -2.159731e-01 -2.240714e+00 -4.023543e-01 5.725575e-01 -5.795178e-01 -6.012479e+00 -1.079632e+00
-5.312223e-02 9.542626e-02 -1.799387e-01 -3.356359e-01 1.187850e-01 -2.133798e-01 4.023555e-01 7.505053e-01 -1.187847e-01 2.133791e-01 -4.023543e-01 -7.505030e-01 -3.187333e-01 5.725575e-01 -1.079632e+00 -2.013815e+00

Element Matrix (Stiffness - k^2 * Mass):
8.235060e+00 4.912088e+00 -2.498501e+00 1.376655e+00 3.526695e+00 2.075989e+00 -1.061259e+00 5.854857e-01 -3.233023e+00 -1.918548e+00 9.777634e-01 -5.390053e-01 1.435163e+00 8.522701e-01 -4.342300e-01 2.393587e-01
4.912088e+00 2.495471e+01 2.695017e+00 -2.498501e+00 2.075989e+00 1.066650e+01 1.136077e+00 -1.061259e+00 -1.918548e+00 -9.789705e+00 -1.051567e+00 9.777634e-01 8.522701e-01 4.346175e+00 4.671991e-01 -4.342300e-01
-2.498501e+00 2.695017e+00 2.495471e+01 4.912088e+00 -1.061259e+00 1.136077e+00 1.066650e+01 2.075989e+00 9.777634e-01 -1.051567e+00 -9.789705e+00 -1.918548e+00 -4.342300e-01 4.671991e-01 4.346175e+00 8.522701e-01
1.376655e+00 -2.498501e+00 4.912088e+00 8.235060e+00 5.854857e-01 -1.061259e+00 2.075989e+00 3.526695e+00 -5.390053e-01 9.777634e-01 -1.918548e+00 -3.233023e+00 2.393587e-01 -4.342300e-01 8.522701e-01 1.435163e+00
3.526695e+00 2.075989e+00 -1.061259e+00 5.854857e-01 4.211516e+01 2.506431e+01 -1.275973e+01 7.032028e+00 7.410778e+00 4.387319e+00 -2.237954e+00 1.233982e+00 -3.233023e+00 -1.918548e+00 9.777634e-01 -5.390053e-01
2.075989e+00 1.066650e+01 1.136077e+00 -1.061259e+00 2.506431e+01 1.275796e+02 1.374555e+01 -1.275973e+01 4.387319e+00 2.243239e+01 2.403612e+00 -2.237954e+00 -1.918548e+00 -9.789705e+00 -1.051567e+00 9.777634e-01
-1.061259e+00 1.136077e+00 1.066650e+01 2.075989e+00 -1.275973e+01 1.374555e+01 1.275796e+02 2.506431e+01 -2.237954e+00 2.403612e+00 2.243239e+01 4.387319e+00 9.777634e-01 -1.051567e+00 -9.789705e+00 -1.918548e+00
5.854857e-01 -1.061259e+00 2.075989e+00 3.526695e+00 7.032028e+00 -1.275973e+01 2.506431e+01 4.211516e+01 1.233982e+00 -2.237954e+00 4.387319e+00 7.410778e+00 -5.390053e-01 9.777634e-01 -1.918548e+00 -3.233023e+00
-3.233023e+00 -1.918548e+00 9.777634e-01 -5.390053e-01 7.410778e+00 4.387319e+00 -2.237954e+00 1.233982e+00 4.211516e+01 2.506431e+01 -1.275973e+01 7.032028e+00 3.526695e+00 2.075989e+00 -1.061259e+00 5.854857e-01
-1.918548e+00 -9.789705e+00 -1.051567e+00 9.777634e-01 4.387319e+00 2.243239e+01 2.403612e+00 -2.237954e+00 2.506431e+01 1.275796e+02 1.374555e+01 -1.275973e+01 2.075989e+00 1.066650e+01 1.136077e+00 -1.061259e+00
9.777634e-01 -1.051567e+00 -9.789705e+00 -1.918548e+00 -2.237954e+00 2.403612e+00 2.243239e+01 4.387319e+00 -1.275973e+01 1.374555e+01 1.275796e+02 2.506431e+01 -1.061259e+00 1.136077e+00 1.066650e+01 2.075989e+00
-5.390053e-01 9.777634e-01 -1.918548e+00 -3.233023e+00 1.233982e+00 -2.237954e+00 4.387319e+00 7.410778e+00 7.032028e+00 -1.275973e+01 2.506431e+01 4.211516e+01 5.854857e-01 -1.061259e+00 2.075989e+00 3.526695e+00
1.435163e+00 8.522701e-01 -4.342300e-01 2.393587e-01 -3.233023e+00 -1.918548e+00 9.777634e-01 -5.390053e-01 3.526695e+00 2.075989e+00 -1.061259e+00 5.854857e-01 8.235060e+00 4.912088e+00 -2.498501e+00 1.376655e+00
8.522701e-01 4.346175e+00 4.671991e-01 -4.342300e-01 -1.918548e+00 -9.789705e+00 -1.051567e+00 9.777634e-01 2.075989e+00 1.066650e+01 1.136077e+00 -1.061259e+00 4.912088e+00 2.495471e+01 2.695017e+00 -2.498501e+00
-4.342300e-01 4.671991e-01 4.346175e+00 8.522701e-01 9.777634e-01 -1.051567e+00 -9.789705e+00 -1.918548e+00 -1.061259e+00 1.136077e+00 1.066650e+01 2.075989e+00 -2.498501e+00 2.695017e+00 2.495471e+01 4.912088e+00
2.393587e-01 -4.342300e-01 8.522701e-01 1.435163e+00 -5.390053e-01 9.777634e-01 -1.918548e+00 -3.233023e+00 5.854857e-01 -1.061259e+00 2.075989e+00 3.526695e+00 1.376655e+00 -2.498501e+00 4.912088e+00 8.235060e+00
