# Modal Analysis Results
# Format: Debug Text Output
# Generated: Sep 19 2026 23:11:15

=== HEADER ===
Magic: SEMF
Version: 2 (Debug Text)
Number of Modes: 15
Number of Nodes: 16

=== NODES ===
Format: NodeID, X, Y
0, 0, 0
3, 10, 0
2, 10, 10
1, 0, 10
4, 2.76393, 0
5, 7.23607, 0
6, 10, 2.76393
7, 10, 7.23607
8, 7.23607, 10
9, 2.76393, 10
10, 0, 7.23607
11, 0, 2.76393
12, 2.76393, 2.76393
13, 7.23607, 2.76393
14, 2.76393, 7.23607
15, 7.23607, 7.23607

=== EDGES ===
Format: StartNodeID, EndNodeID
0, 4
4, 5
5, 3
3, 6
6, 7
7, 2
2, 8
8, 9
9, 0
4, 11
11, 0
4, 12
12, 11
5, 12
5, 13
13, 12
3, 13
6, 13
12, 10
10, 11
12, 14
14, 10
13, 14
13, 15
15, 14
6, 15
7, 15
14, 1
1, 10
14, 9
9, 1
15, 9
15, 8
7, 8

=== TRIANGLES ===
Format: Node1, Node2, Node3
0, 4, 11
4, 12, 11
4, 5, 12
5, 13, 12
5, 3, 13
3, 6, 13
11, 12, 10
12, 14, 10
12, 13, 14
13, 15, 14
13, 6, 15
6, 7, 15
10, 14, 1
14, 9, 1
14, 15, 9
15, 8, 9
15, 7, 8
7, 2, 8

=== MODE RESULTS ===

--- Mode 1 ---
Frequency: 0 Hz
Mode Shape Values (NodeID, Value):
  0, 1
  3, 1
  2, 1
  1, 1
  4, 1
  5, 1
  6, 1
  7, 1
  8, 1
  9, 1
  10, 1
  11, 1
  12, 1
  13, 1
  14, 1
  15, 1

--- Mode 2 ---
Frequency: 0.0500139 Hz
Mode Shape Values (NodeID, Value):
  0, 0.0514293
  3, 0.193516
  2, -0.0514293
  1, -0.193516
  4, 0.0770281
  5, 0.167918
  6, 0.149386
  7, -0.00729927
  8, -0.0770281
  9, -0.167918
  10, -0.149386
  11, 0.00729927
  12, 0.032898
  13, 0.123787
  14, -0.123787
  15, -0.032898

--- Mode 3 ---
Frequency: 0.0500139 Hz
Mode Shape Values (NodeID, Value):
  0, 0.193516
  3, -0.0514293
  2, -0.193516
  1, 0.0514293
  4, 0.149386
  5, -0.00729927
  6, -0.0770281
  7, -0.167918
  8, -0.149386
  9, 0.00729927
  10, 0.0770281
  11, 0.167918
  12, 0.123787
  13, -0.032898
  14, 0.032898
  15, -0.123787

--- Mode 4 ---
Frequency: 0.0707304 Hz
Mode Shape Values (NodeID, Value):
  0, -0.200468
  3, 0.200468
  2, -0.200468
  1, 0.200468
  4, -0.128234
  5, 0.128234
  6, 0.128234
  7, -0.128234
  8, -0.128234
  9, 0.128234
  10, 0.128234
  11, -0.128234
  12, -0.0820281
  13, 0.0820281
  14, 0.0820281
  15, -0.0820281

--- Mode 5 ---
Frequency: 0.123281 Hz
Mode Shape Values (NodeID, Value):
  0, 0.302702
  3, 0.302702
  2, 0.302702
  1, 0.302702
  4, 0.175978
  5, 0.175978
  6, 0.0661843
  7, 0.0661843
  8, 0.175978
  9, 0.175978
  10, 0.0661843
  11, 0.0661843
  12, -0.0605405
  13, -0.0605405
  14, -0.0605405
  15, -0.0605405

--- Mode 6 ---
Frequency: 0.123281 Hz
Mode Shape Values (NodeID, Value):
  0, 0.0914944
  3, 0.0914944
  2, 0.0914944
  1, 0.0914944
  4, -0.145024
  5, -0.145024
  6, 0.218219
  7, 0.218219
  8, -0.145024
  9, -0.145024
  10, 0.218219
  11, 0.218219
  12, -0.0182989
  13, -0.0182989
  14, -0.0182989
  15, -0.0182989

--- Mode 7 ---
Frequency: 0.13304 Hz
Mode Shape Values (NodeID, Value):
  0, -0.104154
  3, -0.435453
  2, 0.104154
  1, 0.435453
  4, 0.159923
  5, -0.0520012
  6, -0.139457
  7, 0.205716
  8, -0.159923
  9, 0.0520012
  10, 0.139457
  11, -0.205716
  12, 0.0133249
  13, 0.0557097
  14, -0.0557097
  15, -0.0133249

--- Mode 8 ---
Frequency: 0.13304 Hz
Mode Shape Values (NodeID, Value):
  0, 0.435453
  3, -0.104154
  2, -0.435453
  1, 0.104154
  4, 0.139457
  5, -0.205716
  6, 0.159923
  7, -0.0520012
  8, -0.139457
  9, 0.205716
  10, -0.159923
  11, 0.0520012
  12, -0.0557097
  13, 0.0133249
  14, -0.0133249
  15, 0.0557097

--- Mode 9 ---
Frequency: 0.174346 Hz
Mode Shape Values (NodeID, Value):
  0, -0.5
  3, -0.5
  2, -0.5
  1, -0.5
  4, 0.1
  5, 0.1
  6, 0.1
  7, 0.1
  8, 0.1
  9, 0.1
  10, 0.1
  11, 0.1
  12, -0.02
  13, -0.02
  14, -0.02
  15, -0.02

--- Mode 10 ---
Frequency: 0.207589 Hz
Mode Shape Values (NodeID, Value):
  0, 0.175986
  3, 0.359076
  2, -0.175986
  1, -0.359076
  4, 0.302695
  5, 0.232366
  6, -0.0112198
  7, 0.19431
  8, -0.302695
  9, -0.232366
  10, 0.0112198
  11, -0.19431
  12, -0.0676003
  13, -0.13793
  14, 0.13793
  15, 0.0676003

--- Mode 11 ---
Frequency: 0.207589 Hz
Mode Shape Values (NodeID, Value):
  0, 0.359076
  3, -0.175986
  2, -0.359076
  1, 0.175986
  4, -0.0112198
  5, 0.19431
  6, -0.302695
  7, -0.232366
  8, 0.0112198
  9, -0.19431
  10, 0.302695
  11, 0.232366
  12, -0.13793
  13, 0.0676003
  14, -0.0676003
  15, 0.13793

--- Mode 12 ---
Frequency: 0.213529 Hz
Mode Shape Values (NodeID, Value):
  0, -0.356808
  3, 0.356808
  2, -0.356808
  1, 0.356808
  4, -0.270623
  5, 0.270623
  6, -0.17944
  7, 0.17944
  8, -0.270623
  9, 0.270623
  10, -0.17944
  11, 0.17944
  12, 0.0876728
  13, -0.0876728
  14, -0.0876728
  15, 0.0876728

--- Mode 13 ---
Frequency: 0.213529 Hz
Mode Shape Values (NodeID, Value):
  0, -0.439601
  3, 0.439601
  2, -0.439601
  1, 0.439601
  4, 0.12648
  5, -0.12648
  6, 0.23882
  7, -0.23882
  8, 0.12648
  9, -0.12648
  10, 0.23882
  11, -0.23882
  12, 0.108016
  13, -0.108016
  14, -0.108016
  15, 0.108016

--- Mode 14 ---
Frequency: 0.241436 Hz
Mode Shape Values (NodeID, Value):
  0, -0.56406
  3, 0.693807
  2, 0.56406
  1, -0.693807
  4, 0.228614
  5, -0.254563
  6, -0.150706
  7, -0.100867
  8, -0.228614
  9, 0.254563
  10, 0.150706
  11, 0.100867
  12, -0.0433338
  13, 0.0533016
  14, -0.0533016
  15, 0.0433338

--- Mode 15 ---
Frequency: 0.241436 Hz
Mode Shape Values (NodeID, Value):
  0, 0.693807
  3, 0.56406
  2, -0.693807
  1, -0.56406
  4, -0.150706
  5, -0.100867
  6, -0.228614
  7, 0.254563
  8, 0.150706
  9, 0.100867
  10, 0.228614
  11, -0.254563
  12, 0.0533016
  13, 0.0433338
  14, -0.0433338
  15, -0.0533016

=== SUMMARY ===
Total Nodes: 16
Total Modes: 15
Total Edges: 34
Total Triangles: 18
