# Modal Analysis Solver - Ke & Me matrix
# Format: Debug Text Output
# Generated: Sep 20 2026 13:38:04

=== Ke Matrix ===
Size: 16 x 16
       0.619048       0.0396825     -0.00396825       0.0396825       -0.233106      -0.0645133      -0.0625131       0.0129099       0.0129099      -0.0625131      -0.0645133       -0.233106       -0.259726         0.14881         0.14881      -0.0378935 
      0.0396825        0.619048       0.0396825     -0.00396825      -0.0625131       0.0129099       0.0129099      -0.0625131      -0.0645133       -0.233106       -0.233106      -0.0645133         0.14881      -0.0378935       -0.259726         0.14881 
    -0.00396825       0.0396825        0.619048       0.0396825       0.0129099      -0.0625131      -0.0645133       -0.233106       -0.233106      -0.0645133      -0.0625131       0.0129099      -0.0378935         0.14881         0.14881       -0.259726 
      0.0396825     -0.00396825       0.0396825        0.619048      -0.0645133       -0.233106       -0.233106      -0.0645133      -0.0625131       0.0129099       0.0129099      -0.0625131         0.14881       -0.259726      -0.0378935         0.14881 
      -0.233106      -0.0625131       0.0129099      -0.0645133         2.14286      -0.0396825         0.14881      -0.0378935      -0.0595238       0.0396825         0.14881       -0.259726        -1.52046       -0.401298       0.0323649        0.153282 
     -0.0645133       0.0129099      -0.0625131       -0.233106      -0.0396825         2.14286       -0.259726         0.14881       0.0396825      -0.0595238      -0.0378935         0.14881       -0.401298        -1.52046        0.153282       0.0323649 
     -0.0625131       0.0129099      -0.0645133       -0.233106         0.14881       -0.259726         2.14286      -0.0396825         0.14881      -0.0378935      -0.0595238       0.0396825       0.0323649        -1.52046        0.153282       -0.401298 
      0.0129099      -0.0625131       -0.233106      -0.0645133      -0.0378935         0.14881      -0.0396825         2.14286       -0.259726         0.14881       0.0396825      -0.0595238        0.153282       -0.401298       0.0323649        -1.52046 
      0.0129099      -0.0645133       -0.233106      -0.0625131      -0.0595238       0.0396825         0.14881       -0.259726         2.14286      -0.0396825         0.14881      -0.0378935        0.153282       0.0323649       -0.401298        -1.52046 
     -0.0625131       -0.233106      -0.0645133       0.0129099       0.0396825      -0.0595238      -0.0378935         0.14881      -0.0396825         2.14286       -0.259726         0.14881       0.0323649        0.153282        -1.52046       -0.401298 
     -0.0645133       -0.233106      -0.0625131       0.0129099         0.14881      -0.0378935      -0.0595238       0.0396825         0.14881       -0.259726         2.14286      -0.0396825       -0.401298        0.153282        -1.52046       0.0323649 
      -0.233106      -0.0645133       0.0129099      -0.0625131       -0.259726         0.14881       0.0396825      -0.0595238      -0.0378935         0.14881      -0.0396825         2.14286        -1.52046       0.0323649       -0.401298        0.153282 
      -0.259726         0.14881      -0.0378935         0.14881        -1.52046       -0.401298       0.0323649        0.153282        0.153282       0.0323649       -0.401298        -1.52046         5.95238       -0.992063       -0.992063       -0.496032 
        0.14881      -0.0378935         0.14881       -0.259726       -0.401298        -1.52046        -1.52046       -0.401298       0.0323649        0.153282        0.153282       0.0323649       -0.992063         5.95238       -0.496032       -0.992063 
        0.14881       -0.259726         0.14881      -0.0378935       0.0323649        0.153282        0.153282       0.0323649       -0.401298        -1.52046        -1.52046       -0.401298       -0.992063       -0.496032         5.95238       -0.992063 
     -0.0378935         0.14881       -0.259726         0.14881        0.153282       0.0323649       -0.401298        -1.52046        -1.52046       -0.401298       0.0323649        0.153282       -0.496032       -0.992063       -0.992063         5.95238 

=== Me Matrix ===
Size: 16 x 16
       0.510204        0.085034       0.0141723        0.085034        0.190142       -0.190142       0.0316903      -0.0316903      -0.0316903       0.0316903       -0.190142        0.190142       0.0708617      -0.0708617      -0.0708617       0.0708617 
       0.085034        0.510204        0.085034       0.0141723       0.0316903      -0.0316903      -0.0316903       0.0316903       -0.190142        0.190142        0.190142       -0.190142      -0.0708617       0.0708617       0.0708617      -0.0708617 
      0.0141723        0.085034        0.510204        0.085034      -0.0316903       0.0316903       -0.190142        0.190142        0.190142       -0.190142       0.0316903      -0.0316903       0.0708617      -0.0708617      -0.0708617       0.0708617 
       0.085034       0.0141723        0.085034        0.510204       -0.190142        0.190142        0.190142       -0.190142       0.0316903      -0.0316903      -0.0316903       0.0316903      -0.0708617       0.0708617       0.0708617      -0.0708617 
       0.190142       0.0316903      -0.0316903       -0.190142         2.55102         0.42517      -0.0708617       0.0708617       0.0708617         0.42517      -0.0708617       0.0708617        0.950709        0.158452       -0.950709       -0.158452 
      -0.190142      -0.0316903       0.0316903        0.190142         0.42517         2.55102       0.0708617      -0.0708617         0.42517       0.0708617       0.0708617      -0.0708617        0.158452        0.950709       -0.158452       -0.950709 
      0.0316903      -0.0316903       -0.190142        0.190142      -0.0708617       0.0708617         2.55102         0.42517      -0.0708617       0.0708617       0.0708617         0.42517       -0.950709        0.950709       -0.158452        0.158452 
     -0.0316903       0.0316903        0.190142       -0.190142       0.0708617      -0.0708617         0.42517         2.55102       0.0708617      -0.0708617         0.42517       0.0708617       -0.158452        0.158452       -0.950709        0.950709 
     -0.0316903       -0.190142        0.190142       0.0316903       0.0708617         0.42517      -0.0708617       0.0708617         2.55102         0.42517      -0.0708617       0.0708617       -0.158452       -0.950709        0.158452        0.950709 
      0.0316903        0.190142       -0.190142      -0.0316903         0.42517       0.0708617       0.0708617      -0.0708617         0.42517         2.55102       0.0708617      -0.0708617       -0.950709       -0.158452        0.950709        0.158452 
      -0.190142        0.190142       0.0316903      -0.0316903      -0.0708617       0.0708617       0.0708617         0.42517      -0.0708617       0.0708617         2.55102         0.42517        0.158452       -0.158452        0.950709       -0.950709 
       0.190142       -0.190142      -0.0316903       0.0316903       0.0708617      -0.0708617         0.42517       0.0708617       0.0708617      -0.0708617         0.42517         2.55102        0.950709       -0.950709        0.158452       -0.158452 
      0.0708617      -0.0708617       0.0708617      -0.0708617        0.950709        0.158452       -0.950709       -0.158452       -0.158452       -0.950709        0.158452        0.950709         12.7551         2.12585         2.12585        0.354308 
     -0.0708617       0.0708617      -0.0708617       0.0708617        0.158452        0.950709        0.950709        0.158452       -0.950709       -0.158452       -0.158452       -0.950709         2.12585         12.7551        0.354308         2.12585 
     -0.0708617       0.0708617      -0.0708617       0.0708617       -0.950709       -0.158452       -0.158452       -0.950709        0.158452        0.950709        0.950709        0.158452         2.12585        0.354308         12.7551         2.12585 
      0.0708617      -0.0708617       0.0708617      -0.0708617       -0.158452       -0.950709        0.158452        0.950709        0.950709        0.158452       -0.950709       -0.158452        0.354308         2.12585         2.12585         12.7551 

=== Global dirichlet BC vector ===
Size: 16
              1 
              0 
              0 
              1 
              1 
              1 
              0 
              0 
              0 
              0 
              0 
              0 
              0 
              0 
              0 
              0 

=== Ke reduced Matrix ===
Size: 12 x 12
       0.619048       0.0396825       0.0129099      -0.0625131      -0.0645133       -0.233106       -0.233106      -0.0645133         0.14881      -0.0378935       -0.259726         0.14881 
      0.0396825        0.619048      -0.0645133       -0.233106       -0.233106      -0.0645133      -0.0625131       0.0129099      -0.0378935         0.14881         0.14881       -0.259726 
      0.0129099      -0.0645133         2.14286      -0.0396825         0.14881      -0.0378935      -0.0595238       0.0396825       0.0323649        -1.52046        0.153282       -0.401298 
     -0.0625131       -0.233106      -0.0396825         2.14286       -0.259726         0.14881       0.0396825      -0.0595238        0.153282       -0.401298       0.0323649        -1.52046 
     -0.0645133       -0.233106         0.14881       -0.259726         2.14286      -0.0396825         0.14881      -0.0378935        0.153282       0.0323649       -0.401298        -1.52046 
      -0.233106      -0.0645133      -0.0378935         0.14881      -0.0396825         2.14286       -0.259726         0.14881       0.0323649        0.153282        -1.52046       -0.401298 
      -0.233106      -0.0625131      -0.0595238       0.0396825         0.14881       -0.259726         2.14286      -0.0396825       -0.401298        0.153282        -1.52046       0.0323649 
     -0.0645133       0.0129099       0.0396825      -0.0595238      -0.0378935         0.14881      -0.0396825         2.14286        -1.52046       0.0323649       -0.401298        0.153282 
        0.14881      -0.0378935       0.0323649        0.153282        0.153282       0.0323649       -0.401298        -1.52046         5.95238       -0.992063       -0.992063       -0.496032 
     -0.0378935         0.14881        -1.52046       -0.401298       0.0323649        0.153282        0.153282       0.0323649       -0.992063         5.95238       -0.496032       -0.992063 
      -0.259726         0.14881        0.153282       0.0323649       -0.401298        -1.52046        -1.52046       -0.401298       -0.992063       -0.496032         5.95238       -0.992063 
        0.14881       -0.259726       -0.401298        -1.52046        -1.52046       -0.401298       0.0323649        0.153282       -0.496032       -0.992063       -0.992063         5.95238 

=== Me reduced Matrix ===
Size: 12 x 12
       0.510204        0.085034       0.0141723        0.085034        0.190142       -0.190142       0.0316903      -0.0316903      -0.0316903       0.0316903       -0.190142        0.190142 
       0.085034        0.510204        0.085034       0.0141723       0.0316903      -0.0316903      -0.0316903       0.0316903       -0.190142        0.190142        0.190142       -0.190142 
      0.0141723        0.085034        0.510204        0.085034      -0.0316903       0.0316903       -0.190142        0.190142        0.190142       -0.190142       0.0316903      -0.0316903 
       0.085034       0.0141723        0.085034        0.510204       -0.190142        0.190142        0.190142       -0.190142       0.0316903      -0.0316903      -0.0316903       0.0316903 
       0.190142       0.0316903      -0.0316903       -0.190142         2.55102         0.42517      -0.0708617       0.0708617       0.0708617         0.42517      -0.0708617       0.0708617 
      -0.190142      -0.0316903       0.0316903        0.190142         0.42517         2.55102       0.0708617      -0.0708617         0.42517       0.0708617       0.0708617      -0.0708617 
      0.0316903      -0.0316903       -0.190142        0.190142      -0.0708617       0.0708617         2.55102         0.42517      -0.0708617       0.0708617       0.0708617         0.42517 
     -0.0316903       0.0316903        0.190142       -0.190142       0.0708617      -0.0708617         0.42517         2.55102       0.0708617      -0.0708617         0.42517       0.0708617 
     -0.0316903       -0.190142        0.190142       0.0316903       0.0708617         0.42517      -0.0708617       0.0708617         2.55102         0.42517      -0.0708617       0.0708617 
      0.0316903        0.190142       -0.190142      -0.0316903         0.42517       0.0708617       0.0708617      -0.0708617         0.42517         2.55102       0.0708617      -0.0708617 
      -0.190142        0.190142       0.0316903      -0.0316903      -0.0708617       0.0708617       0.0708617         0.42517      -0.0708617       0.0708617         2.55102         0.42517 
       0.190142       -0.190142      -0.0316903       0.0316903       0.0708617      -0.0708617         0.42517       0.0708617       0.0708617      -0.0708617         0.42517         2.55102 

=== Matrix Statistics ===
Ke (Stiffness) Matrix:
  Non-zero entries: 256
  Density: 177.778%
  Min value: -1.52046
  Max value: 5.95238
  Mean absolute value: 0.406268

Me (Mass) Matrix:
  Non-zero entries: 256
  Density: 177.778%
  Min value: -0.950709
  Max value: 12.7551
  Mean absolute value: 0.574715

=== Matrix Properties ===
Ke is symmetric: YES
Me is symmetric: YES
