**
**   Template:  2D Helmholtz Solver
**
*NODE
         1,  0.0            ,  0.0            ,  0.0            
         2,  1.0            ,  0.0            ,  0.0            
         3,  1.0            ,  1.0            ,  0.0            
         4,  0.0            ,  1.0            ,  0.0            
         5,  2.0            ,  0.0            ,  0.0            
         6,  2.0            ,  1.0            ,  0.0            
         7,  0.0            ,  -2.0           ,  0.0            
         8,  2.0            ,  -2.0           ,  0.0            
         9,  5.0            ,  1.0            ,  0.0            
        10,  5.0            ,  -2.0           ,  0.0            
        11,  0.0            ,  6.0            ,  0.0            
        12,  5.0            ,  6.0            ,  0.0            
        13,  -8.0           ,  -2.0           ,  0.0            
        14,  -8.0           ,  6.0            ,  0.0            
        15,  5.0            ,  -15.0          ,  0.0            
        16,  -8.0           ,  -15.0          ,  0.0            
        17,  26.0           ,  6.0            ,  0.0            
        18,  26.0           ,  -15.0          ,  0.0            
        19,  1.0            ,  -2.0           ,  0.0            
        21,  5.0            ,  0.0            ,  0.0            
        24,  2.0            ,  6.0            ,  0.0            
        26,  1.0            ,  6.0            ,  0.0            
        27,  1.0            ,  -1.0           ,  0.0            
       195,  4.0000490148025,  4.901480247E-05,  0.0            
       317,  1.0            ,  5.0000980296049,  0.0            
       437,  2.0            ,  4.0001960592099,  0.0            
       439,  -8.0           ,  1.0            ,  0.0            
       440,  -8.0           ,  0.0            ,  0.0            
       568,  -6.00019605921 ,  0.0            ,  0.0            
       656,  -5.000294088815,  1.0            ,  0.0            
       657,  0.0            ,  -15.0          ,  0.0            
       660,  2.0            ,  -15.0          ,  0.0            
       661,  1.0            ,  -15.0          ,  0.0            
       781,  0.0            ,  -10.00058817763,  0.0            
       873,  1.0            ,  -10.99970591118,  0.0            
      1035,  2.0            ,  -12.0000980296 ,  0.0            
      1036,  26.0           ,  -2.0           ,  0.0            
      1039,  26.0           ,  1.0            ,  0.0            
      1040,  26.0           ,  0.0            ,  0.0            
      1192,  18.00019605921 ,  -2.0           ,  0.0            
      1331,  19.999117733556,  0.0            ,  0.0            
      1349,  20.99960788158 ,  1.0            ,  0.0            
*ELEMENT,TYPE=S3
        16,         8,        19,        27
        18,         1,         2,        27
        20,         9,        21,       195
        22,         8,         5,       195
        24,         5,         3,         6
        25,         5,         2,         3
        26,         3,         2,         1
        27,         1,         4,         3
        28,         9,         6,       437
        32,        11,        26,       317
        38,         4,        11,       656
        42,       440,        13,       568
        50,        13,         7,       781
        52,        15,       660,      1035
        64,        15,        10,      1192
        66,        17,      1039,      1349
*ELEMENT,TYPE=S4
        17,        27,         2,         5,         8
        19,        27,        19,         7,         1
        21,       195,         5,         6,         9
        23,       195,        21,        10,         8
        29,       437,        24,        12,         9
        30,       317,       437,         6,         3
        31,       437,       317,        26,        24
        33,       317,         3,         4,        11
        39,       656,        11,        14,       439
        40,       568,       656,       439,       440
        41,       656,       568,         1,         4
        43,       568,        13,         7,         1
        51,       781,       657,        16,        13
        53,      1035,         8,        10,        15
        54,       873,      1035,       660,       661
        55,      1035,       873,        19,         8
        56,       873,       781,         7,        19
        57,       781,       873,       661,       657
        65,      1192,      1036,        18,        15
        67,      1349,         9,        12,        17
        68,      1331,      1349,      1039,      1040
        69,      1349,      1331,        21,         9
        70,      1331,      1192,        10,        21
        71,      1192,      1331,      1040,      1036
*****