**
**   Template:  2D Helmholtz solver
**
*NODE
        14,  100.0          ,  50.0           ,  0.0            
        15,  50.0           ,  100.0          ,  0.0            
        16,  -100.0         ,  50.0           ,  0.0            
        17,  -50.0          ,  100.0          ,  0.0            
        18,  0.0            ,  -50.0          ,  0.0            
        19,  -50.0          ,  0.0            ,  0.0            
        20,  50.0           ,  0.0            ,  0.0            
        21,  0.0            ,  50.0           ,  0.0            
        22,  -50.0          ,  -50.0          ,  0.0            
        23,  50.0           ,  -50.0          ,  0.0            
        24,  50.0           ,  50.0           ,  0.0            
        25,  -50.0          ,  50.0           ,  0.0            
        26,  -75.0          ,  -100.0         ,  0.0            
        27,  -100.0         ,  -75.0          ,  0.0            
        28,  75.0           ,  -100.0         ,  0.0            
        29,  100.0          ,  -75.0          ,  0.0            
        30,  100.0          ,  75.0           ,  0.0            
        31,  75.0           ,  100.0          ,  0.0            
        32,  -100.0         ,  75.0           ,  0.0            
        33,  -75.0          ,  100.0          ,  0.0            
        34,  -25.0          ,  -100.0         ,  0.0            
        35,  25.0           ,  -100.0         ,  0.0            
        36,  0.0            ,  -75.0          ,  0.0            
        37,  -100.0         ,  -25.0          ,  0.0            
        38,  -100.0         ,  25.0           ,  0.0            
         1,  -100.0         ,  -100.0         ,  0.0            
         2,  100.0          ,  -100.0         ,  0.0            
         3,  100.0          ,  100.0          ,  0.0            
         4,  -100.0         ,  100.0          ,  0.0            
         5,  0.0            ,  -100.0         ,  0.0            
         6,  -100.0         ,  0.0            ,  0.0            
         7,  100.0          ,  0.0            ,  0.0            
         8,  0.0            ,  100.0          ,  0.0            
         9,  0.0            ,  0.0            ,  0.0            
        10,  -50.0          ,  -100.0         ,  0.0            
        11,  -100.0         ,  -50.0          ,  0.0            
        12,  50.0           ,  -100.0         ,  0.0            
        13,  100.0          ,  -50.0          ,  0.0            
        39,  -75.0          ,  0.0            ,  0.0            
        40,  100.0          ,  -25.0          ,  0.0            
        41,  100.0          ,  25.0           ,  0.0            
        42,  75.0           ,  0.0            ,  0.0            
        43,  25.0           ,  100.0          ,  0.0            
        44,  -25.0          ,  100.0          ,  0.0            
        45,  0.0            ,  75.0           ,  0.0            
        46,  0.0            ,  -25.0          ,  0.0            
        47,  -25.0          ,  0.0            ,  0.0            
        48,  25.0           ,  0.0            ,  0.0            
        49,  0.0            ,  25.0           ,  0.0            
        50,  -50.0          ,  -75.0          ,  0.0            
        51,  -75.0          ,  -50.0          ,  0.0            
        52,  50.0           ,  -75.0          ,  0.0            
        53,  75.0           ,  -50.0          ,  0.0            
        54,  75.0           ,  50.0           ,  0.0            
        55,  50.0           ,  75.0           ,  0.0            
        56,  -75.0          ,  50.0           ,  0.0            
        57,  -50.0          ,  75.0           ,  0.0            
        58,  -25.0          ,  -50.0          ,  0.0            
        59,  25.0           ,  -50.0          ,  0.0            
        60,  -50.0          ,  -25.0          ,  0.0            
        61,  -50.0          ,  25.0           ,  0.0            
        62,  50.0           ,  -25.0          ,  0.0            
        63,  50.0           ,  25.0           ,  0.0            
        64,  25.0           ,  50.0           ,  0.0            
        65,  -25.0          ,  50.0           ,  0.0            
        66,  -75.0          ,  -75.0          ,  0.0            
        67,  -25.0          ,  -75.0          ,  0.0            
        68,  -25.0          ,  -25.0          ,  0.0            
        69,  -75.0          ,  -25.0          ,  0.0            
        70,  25.0           ,  -75.0          ,  0.0            
        71,  75.0           ,  -75.0          ,  0.0            
        72,  75.0           ,  -25.0          ,  0.0            
        73,  25.0           ,  -25.0          ,  0.0            
        74,  25.0           ,  25.0           ,  0.0            
        75,  75.0           ,  25.0           ,  0.0            
        76,  75.0           ,  75.0           ,  0.0            
        77,  25.0           ,  75.0           ,  0.0            
        78,  -75.0          ,  25.0           ,  0.0            
        79,  -25.0          ,  25.0           ,  0.0            
        80,  -25.0          ,  75.0           ,  0.0            
        81,  -75.0          ,  75.0           ,  0.0            
*ELEMENT,TYPE=S4
        25,        27,        66,        51,        11
        24,        66,        50,        22,        51
        23,        26,        10,        50,        66
        22,         1,        26,        66,        27
        26,        10,        34,        67,        50
        27,        34,         5,        36,        67
        28,        67,        36,        18,        58
        29,        50,        67,        58,        22
        30,        22,        58,        68,        60
        31,        58,        18,        46,        68
        32,        68,        46,         9,        47
        33,        60,        68,        47,        19
        34,        11,        51,        69,        37
        35,        51,        22,        60,        69
        36,        69,        60,        19,        39
        37,        37,        69,        39,         6
        38,         5,        35,        70,        36
        39,        35,        12,        52,        70
        40,        70,        52,        23,        59
        41,        36,        70,        59,        18
        42,        12,        28,        71,        52
        43,        28,         2,        29,        71
        44,        71,        29,        13,        53
        45,        52,        71,        53,        23
        46,        23,        53,        72,        62
        47,        53,        13,        40,        72
        48,        72,        40,         7,        42
        49,        62,        72,        42,        20
        50,        18,        59,        73,        46
        51,        59,        23,        62,        73
        52,        73,        62,        20,        48
        53,        46,        73,        48,         9
        54,         9,        48,        74,        49
        55,        48,        20,        63,        74
        56,        74,        63,        24,        64
        57,        49,        74,        64,        21
        58,        20,        42,        75,        63
        59,        42,         7,        41,        75
        60,        75,        41,        14,        54
        61,        63,        75,        54,        24
        62,        24,        54,        76,        55
        63,        54,        14,        30,        76
        64,        76,        30,         3,        31
        65,        55,        76,        31,        15
        66,        21,        64,        77,        45
        67,        64,        24,        55,        77
        68,        77,        55,        15,        43
        69,        45,        77,        43,         8
        70,         6,        39,        78,        38
        71,        39,        19,        61,        78
        72,        78,        61,        25,        56
        73,        38,        78,        56,        16
        74,        19,        47,        79,        61
        75,        47,         9,        49,        79
        76,        79,        49,        21,        65
        77,        61,        79,        65,        25
        78,        25,        65,        80,        57
        79,        65,        21,        45,        80
        80,        80,        45,         8,        44
        81,        57,        80,        44,        17
        82,        16,        56,        81,        32
        83,        56,        25,        57,        81
        84,        81,        57,        17,        33
        85,        32,        81,        33,         4
*****
