**
**   Template:  2D Helmholtz solver
**
*NODE
         1,  -100.0         ,  -100.0         ,  0.0            
         2,  100.0          ,  -100.0         ,  0.0            
         3,  100.0          ,  100.0          ,  0.0            
         4,  -100.0         ,  100.0          ,  0.0            
         5,  0.0            ,  -100.0         ,  0.0            
         6,  -100.0         ,  0.0            ,  0.0            
         7,  100.0          ,  0.0            ,  0.0            
         8,  0.0            ,  100.0          ,  0.0            
         9,  0.0            ,  0.0            ,  0.0            
        10,  -50.0          ,  -100.0         ,  0.0            
        11,  -100.0         ,  -50.0          ,  0.0            
        12,  50.0           ,  -100.0         ,  0.0            
        13,  100.0          ,  -50.0          ,  0.0            
        14,  100.0          ,  50.0           ,  0.0            
        15,  50.0           ,  100.0          ,  0.0            
        16,  -100.0         ,  50.0           ,  0.0            
        17,  -50.0          ,  100.0          ,  0.0            
        18,  0.0            ,  -50.0          ,  0.0            
        19,  -50.0          ,  0.0            ,  0.0            
        20,  50.0           ,  0.0            ,  0.0            
        21,  0.0            ,  50.0           ,  0.0            
        22,  -50.0          ,  -50.0          ,  0.0            
        23,  50.0           ,  -50.0          ,  0.0            
        24,  50.0           ,  50.0           ,  0.0            
        25,  -50.0          ,  50.0           ,  0.0            
        26,  -75.0          ,  -100.0         ,  0.0            
        27,  -100.0         ,  -75.0          ,  0.0            
        28,  75.0           ,  -100.0         ,  0.0            
        29,  100.0          ,  -75.0          ,  0.0            
        30,  100.0          ,  75.0           ,  0.0            
        31,  75.0           ,  100.0          ,  0.0            
        32,  -100.0         ,  75.0           ,  0.0            
        33,  -75.0          ,  100.0          ,  0.0            
        34,  -25.0          ,  -100.0         ,  0.0            
        35,  25.0           ,  -100.0         ,  0.0            
        36,  0.0            ,  -75.0          ,  0.0            
        37,  -100.0         ,  -25.0          ,  0.0            
        38,  -100.0         ,  25.0           ,  0.0            
        39,  -75.0          ,  0.0            ,  0.0            
        40,  100.0          ,  -25.0          ,  0.0            
        41,  100.0          ,  25.0           ,  0.0            
        42,  75.0           ,  0.0            ,  0.0            
        43,  25.0           ,  100.0          ,  0.0            
        44,  -25.0          ,  100.0          ,  0.0            
        45,  0.0            ,  75.0           ,  0.0            
        46,  0.0            ,  -25.0          ,  0.0            
        47,  -25.0          ,  0.0            ,  0.0            
        48,  25.0           ,  0.0            ,  0.0            
        49,  0.0            ,  25.0           ,  0.0            
        50,  -50.0          ,  -75.0          ,  0.0            
        51,  -75.0          ,  -50.0          ,  0.0            
        52,  50.0           ,  -75.0          ,  0.0            
        53,  75.0           ,  -50.0          ,  0.0            
        54,  75.0           ,  50.0           ,  0.0            
        55,  50.0           ,  75.0           ,  0.0            
        56,  -75.0          ,  50.0           ,  0.0            
        57,  -50.0          ,  75.0           ,  0.0            
        58,  -25.0          ,  -50.0          ,  0.0            
        59,  25.0           ,  -50.0          ,  0.0            
        60,  -50.0          ,  -25.0          ,  0.0            
        61,  -50.0          ,  25.0           ,  0.0            
        62,  50.0           ,  -25.0          ,  0.0            
        63,  50.0           ,  25.0           ,  0.0            
        64,  25.0           ,  50.0           ,  0.0            
        65,  -25.0          ,  50.0           ,  0.0            
        66,  -75.0          ,  -75.0          ,  0.0            
        67,  -25.0          ,  -75.0          ,  0.0            
        68,  -25.0          ,  -25.0          ,  0.0            
        69,  -75.0          ,  -25.0          ,  0.0            
        70,  25.0           ,  -75.0          ,  0.0            
        71,  75.0           ,  -75.0          ,  0.0            
        72,  75.0           ,  -25.0          ,  0.0            
        73,  25.0           ,  -25.0          ,  0.0            
        74,  25.0           ,  25.0           ,  0.0            
        75,  75.0           ,  25.0           ,  0.0            
        76,  75.0           ,  75.0           ,  0.0            
        77,  25.0           ,  75.0           ,  0.0            
        78,  -75.0          ,  25.0           ,  0.0            
        79,  -25.0          ,  25.0           ,  0.0            
        80,  -25.0          ,  75.0           ,  0.0            
        81,  -75.0          ,  75.0           ,  0.0            
        82,  -87.5          ,  -100.0         ,  0.0            
        83,  -100.0         ,  -87.5          ,  0.0            
        84,  87.5           ,  -100.0         ,  0.0            
        85,  100.0          ,  -87.5          ,  0.0            
        86,  100.0          ,  87.5           ,  0.0            
        87,  87.5           ,  100.0          ,  0.0            
        88,  -100.0         ,  87.5           ,  0.0            
        89,  -87.5          ,  100.0          ,  0.0            
        90,  -12.5          ,  -100.0         ,  0.0            
        91,  12.5           ,  -100.0         ,  0.0            
        92,  0.0            ,  -87.5          ,  0.0            
        93,  -100.0         ,  -12.5          ,  0.0            
        94,  -100.0         ,  12.5           ,  0.0            
        95,  -87.5          ,  0.0            ,  0.0            
        96,  100.0          ,  -12.5          ,  0.0            
        97,  100.0          ,  12.5           ,  0.0            
        98,  87.5           ,  0.0            ,  0.0            
        99,  12.5           ,  100.0          ,  0.0            
       100,  -12.5          ,  100.0          ,  0.0            
       101,  0.0            ,  87.5           ,  0.0            
       102,  0.0            ,  -12.5          ,  0.0            
       103,  -12.5          ,  0.0            ,  0.0            
       104,  12.5           ,  0.0            ,  0.0            
       105,  0.0            ,  12.5           ,  0.0            
       106,  -62.5          ,  -100.0         ,  0.0            
       107,  -37.5          ,  -100.0         ,  0.0            
       108,  -50.0          ,  -87.5          ,  0.0            
       109,  -100.0         ,  -62.5          ,  0.0            
       110,  -100.0         ,  -37.5          ,  0.0            
       111,  -87.5          ,  -50.0          ,  0.0            
       112,  62.5           ,  -100.0         ,  0.0            
       113,  37.5           ,  -100.0         ,  0.0            
       114,  50.0           ,  -87.5          ,  0.0            
       115,  100.0          ,  -62.5          ,  0.0            
       116,  100.0          ,  -37.5          ,  0.0            
       117,  87.5           ,  -50.0          ,  0.0            
       118,  100.0          ,  62.5           ,  0.0            
       119,  100.0          ,  37.5           ,  0.0            
       120,  87.5           ,  50.0           ,  0.0            
       121,  62.5           ,  100.0          ,  0.0            
       122,  37.5           ,  100.0          ,  0.0            
       123,  50.0           ,  87.5           ,  0.0            
       124,  -100.0         ,  62.5           ,  0.0            
       125,  -100.0         ,  37.5           ,  0.0            
       126,  -87.5          ,  50.0           ,  0.0            
       127,  -62.5          ,  100.0          ,  0.0            
       128,  -37.5          ,  100.0          ,  0.0            
       129,  -50.0          ,  87.5           ,  0.0            
       130,  0.0            ,  -62.5          ,  0.0            
       131,  0.0            ,  -37.5          ,  0.0            
       132,  -12.5          ,  -50.0          ,  0.0            
       133,  12.5           ,  -50.0          ,  0.0            
       134,  -62.5          ,  0.0            ,  0.0            
       135,  -37.5          ,  0.0            ,  0.0            
       136,  -50.0          ,  -12.5          ,  0.0            
       137,  -50.0          ,  12.5           ,  0.0            
       138,  62.5           ,  0.0            ,  0.0            
       139,  37.5           ,  0.0            ,  0.0            
       140,  50.0           ,  -12.5          ,  0.0            
       141,  50.0           ,  12.5           ,  0.0            
       142,  0.0            ,  62.5           ,  0.0            
       143,  0.0            ,  37.5           ,  0.0            
       144,  12.5           ,  50.0           ,  0.0            
       145,  -12.5          ,  50.0           ,  0.0            
       146,  -50.0          ,  -62.5          ,  0.0            
       147,  -62.5          ,  -50.0          ,  0.0            
       148,  -37.5          ,  -50.0          ,  0.0            
       149,  -50.0          ,  -37.5          ,  0.0            
       150,  50.0           ,  -62.5          ,  0.0            
       151,  62.5           ,  -50.0          ,  0.0            
       152,  37.5           ,  -50.0          ,  0.0            
       153,  50.0           ,  -37.5          ,  0.0            
       154,  62.5           ,  50.0           ,  0.0            
       155,  50.0           ,  62.5           ,  0.0            
       156,  50.0           ,  37.5           ,  0.0            
       157,  37.5           ,  50.0           ,  0.0            
       158,  -62.5          ,  50.0           ,  0.0            
       159,  -50.0          ,  62.5           ,  0.0            
       160,  -50.0          ,  37.5           ,  0.0            
       161,  -37.5          ,  50.0           ,  0.0            
       162,  -75.0          ,  -87.5          ,  0.0            
       163,  -87.5          ,  -75.0          ,  0.0            
       164,  75.0           ,  -87.5          ,  0.0            
       165,  87.5           ,  -75.0          ,  0.0            
       166,  87.5           ,  75.0           ,  0.0            
       167,  75.0           ,  87.5           ,  0.0            
       168,  -87.5          ,  75.0           ,  0.0            
       169,  -75.0          ,  87.5           ,  0.0            
       170,  -25.0          ,  -87.5          ,  0.0            
       171,  25.0           ,  -87.5          ,  0.0            
       172,  -12.5          ,  -75.0          ,  0.0            
       173,  12.5           ,  -75.0          ,  0.0            
       174,  -87.5          ,  -25.0          ,  0.0            
       175,  -87.5          ,  25.0           ,  0.0            
       176,  -75.0          ,  -12.5          ,  0.0            
       177,  -75.0          ,  12.5           ,  0.0            
       178,  87.5           ,  -25.0          ,  0.0            
       179,  87.5           ,  25.0           ,  0.0            
       180,  75.0           ,  -12.5          ,  0.0            
       181,  75.0           ,  12.5           ,  0.0            
       182,  25.0           ,  87.5           ,  0.0            
       183,  -25.0          ,  87.5           ,  0.0            
       184,  12.5           ,  75.0           ,  0.0            
       185,  -12.5          ,  75.0           ,  0.0            
       186,  -12.5          ,  -25.0          ,  0.0            
       187,  12.5           ,  -25.0          ,  0.0            
       188,  -25.0          ,  -12.5          ,  0.0            
       189,  -25.0          ,  12.5           ,  0.0            
       190,  25.0           ,  -12.5          ,  0.0            
       191,  25.0           ,  12.5           ,  0.0            
       192,  12.5           ,  25.0           ,  0.0            
       193,  -12.5          ,  25.0           ,  0.0            
       194,  -62.5          ,  -75.0          ,  0.0            
       195,  -37.5          ,  -75.0          ,  0.0            
       196,  -75.0          ,  -62.5          ,  0.0            
       197,  -75.0          ,  -37.5          ,  0.0            
       198,  37.5           ,  -75.0          ,  0.0            
       199,  62.5           ,  -75.0          ,  0.0            
       200,  75.0           ,  -62.5          ,  0.0            
       201,  75.0           ,  -37.5          ,  0.0            
       202,  75.0           ,  37.5           ,  0.0            
       203,  75.0           ,  62.5           ,  0.0            
       204,  62.5           ,  75.0           ,  0.0            
       205,  37.5           ,  75.0           ,  0.0            
       206,  -75.0          ,  37.5           ,  0.0            
       207,  -75.0          ,  62.5           ,  0.0            
       208,  -37.5          ,  75.0           ,  0.0            
       209,  -62.5          ,  75.0           ,  0.0            
       210,  -25.0          ,  -62.5          ,  0.0            
       211,  -25.0          ,  -37.5          ,  0.0            
       212,  25.0           ,  -62.5          ,  0.0            
       213,  25.0           ,  -37.5          ,  0.0            
       214,  -37.5          ,  -25.0          ,  0.0            
       215,  -62.5          ,  -25.0          ,  0.0            
       216,  -62.5          ,  25.0           ,  0.0            
       217,  -37.5          ,  25.0           ,  0.0            
       218,  62.5           ,  -25.0          ,  0.0            
       219,  37.5           ,  -25.0          ,  0.0            
       220,  37.5           ,  25.0           ,  0.0            
       221,  62.5           ,  25.0           ,  0.0            
       222,  25.0           ,  37.5           ,  0.0            
       223,  25.0           ,  62.5           ,  0.0            
       224,  -25.0          ,  37.5           ,  0.0            
       225,  -25.0          ,  62.5           ,  0.0            
       226,  -87.5          ,  -62.5          ,  0.0            
       227,  -62.5          ,  -62.5          ,  0.0            
       228,  -62.5          ,  -87.5          ,  0.0            
       229,  -87.5          ,  -87.5          ,  0.0            
       230,  -37.5          ,  -87.5          ,  0.0            
       231,  -12.5          ,  -87.5          ,  0.0            
       232,  -12.5          ,  -62.5          ,  0.0            
       233,  -37.5          ,  -62.5          ,  0.0            
       234,  -37.5          ,  -37.5          ,  0.0            
       235,  -12.5          ,  -37.5          ,  0.0            
       236,  -12.5          ,  -12.5          ,  0.0            
       237,  -37.5          ,  -12.5          ,  0.0            
       238,  -87.5          ,  -37.5          ,  0.0            
       239,  -62.5          ,  -37.5          ,  0.0            
       240,  -62.5          ,  -12.5          ,  0.0            
       241,  -87.5          ,  -12.5          ,  0.0            
       242,  12.5           ,  -87.5          ,  0.0            
       243,  37.5           ,  -87.5          ,  0.0            
       244,  37.5           ,  -62.5          ,  0.0            
       245,  12.5           ,  -62.5          ,  0.0            
       246,  62.5           ,  -87.5          ,  0.0            
       247,  87.5           ,  -87.5          ,  0.0            
       248,  87.5           ,  -62.5          ,  0.0            
       249,  62.5           ,  -62.5          ,  0.0            
       250,  62.5           ,  -37.5          ,  0.0            
       251,  87.5           ,  -37.5          ,  0.0            
       252,  87.5           ,  -12.5          ,  0.0            
       253,  62.5           ,  -12.5          ,  0.0            
       254,  12.5           ,  -37.5          ,  0.0            
       255,  37.5           ,  -37.5          ,  0.0            
       256,  37.5           ,  -12.5          ,  0.0            
       257,  12.5           ,  -12.5          ,  0.0            
       258,  12.5           ,  12.5           ,  0.0            
       259,  37.5           ,  12.5           ,  0.0            
       260,  37.5           ,  37.5           ,  0.0            
       261,  12.5           ,  37.5           ,  0.0            
       262,  62.5           ,  12.5           ,  0.0            
       263,  87.5           ,  12.5           ,  0.0            
       264,  87.5           ,  37.5           ,  0.0            
       265,  62.5           ,  37.5           ,  0.0            
       266,  62.5           ,  62.5           ,  0.0            
       267,  87.5           ,  62.5           ,  0.0            
       268,  87.5           ,  87.5           ,  0.0            
       269,  62.5           ,  87.5           ,  0.0            
       270,  12.5           ,  62.5           ,  0.0            
       271,  37.5           ,  62.5           ,  0.0            
       272,  37.5           ,  87.5           ,  0.0            
       273,  12.5           ,  87.5           ,  0.0            
       274,  -87.5          ,  12.5           ,  0.0            
       275,  -62.5          ,  12.5           ,  0.0            
       276,  -62.5          ,  37.5           ,  0.0            
       277,  -87.5          ,  37.5           ,  0.0            
       278,  -37.5          ,  12.5           ,  0.0            
       279,  -12.5          ,  12.5           ,  0.0            
       280,  -12.5          ,  37.5           ,  0.0            
       281,  -37.5          ,  37.5           ,  0.0            
       282,  -37.5          ,  62.5           ,  0.0            
       283,  -12.5          ,  62.5           ,  0.0            
       284,  -12.5          ,  87.5           ,  0.0            
       285,  -37.5          ,  87.5           ,  0.0            
       286,  -87.5          ,  62.5           ,  0.0            
       287,  -62.5          ,  62.5           ,  0.0            
       288,  -62.5          ,  87.5           ,  0.0            
       289,  -87.5          ,  87.5           ,  0.0            
       290,  0.0            ,  -6.25          ,  0.0            
       291,  -6.25          ,  0.0            ,  0.0            
       292,  6.25           ,  0.0            ,  0.0            
       293,  0.0            ,  6.25           ,  0.0            
       294,  0.0            ,  -18.75         ,  0.0            
       295,  0.0            ,  -31.25         ,  0.0            
       296,  -6.25          ,  -25.0          ,  0.0            
       297,  6.25           ,  -25.0          ,  0.0            
       298,  -18.75         ,  0.0            ,  0.0            
       299,  -31.25         ,  0.0            ,  0.0            
       300,  -25.0          ,  -6.25          ,  0.0            
       301,  -25.0          ,  6.25           ,  0.0            
       302,  18.75          ,  0.0            ,  0.0            
       303,  31.25          ,  0.0            ,  0.0            
       304,  25.0           ,  -6.25          ,  0.0            
       305,  25.0           ,  6.25           ,  0.0            
       306,  0.0            ,  18.75          ,  0.0            
       307,  0.0            ,  31.25          ,  0.0            
       308,  6.25           ,  25.0           ,  0.0            
       309,  -6.25          ,  25.0           ,  0.0            
       310,  -18.75         ,  -25.0          ,  0.0            
       311,  -25.0          ,  -18.75         ,  0.0            
       312,  -25.0          ,  -31.25         ,  0.0            
       313,  -31.25         ,  -25.0          ,  0.0            
       314,  18.75          ,  -25.0          ,  0.0            
       315,  25.0           ,  -18.75         ,  0.0            
       316,  25.0           ,  -31.25         ,  0.0            
       317,  31.25          ,  -25.0          ,  0.0            
       318,  25.0           ,  18.75          ,  0.0            
       319,  18.75          ,  25.0           ,  0.0            
       320,  31.25          ,  25.0           ,  0.0            
       321,  25.0           ,  31.25          ,  0.0            
       322,  -25.0          ,  18.75          ,  0.0            
       323,  -18.75         ,  25.0           ,  0.0            
       324,  -31.25         ,  25.0           ,  0.0            
       325,  -25.0          ,  31.25          ,  0.0            
       326,  -6.25          ,  -12.5          ,  0.0            
       327,  6.25           ,  -12.5          ,  0.0            
       328,  -12.5          ,  -6.25          ,  0.0            
       329,  -12.5          ,  6.25           ,  0.0            
       330,  12.5           ,  -6.25          ,  0.0            
       331,  12.5           ,  6.25           ,  0.0            
       332,  6.25           ,  12.5           ,  0.0            
       333,  -6.25          ,  12.5           ,  0.0            
       334,  -6.25          ,  -37.5          ,  0.0            
       335,  6.25           ,  -37.5          ,  0.0            
       336,  -37.5          ,  -6.25          ,  0.0            
       337,  -37.5          ,  6.25           ,  0.0            
       338,  37.5           ,  -6.25          ,  0.0            
       339,  37.5           ,  6.25           ,  0.0            
       340,  6.25           ,  37.5           ,  0.0            
       341,  -6.25          ,  37.5           ,  0.0            
       342,  -12.5          ,  -31.25         ,  0.0            
       343,  -12.5          ,  -18.75         ,  0.0            
       344,  12.5           ,  -31.25         ,  0.0            
       345,  12.5           ,  -18.75         ,  0.0            
       346,  -18.75         ,  -12.5          ,  0.0            
       347,  -31.25         ,  -12.5          ,  0.0            
       348,  -31.25         ,  12.5           ,  0.0            
       349,  -18.75         ,  12.5           ,  0.0            
       350,  31.25          ,  -12.5          ,  0.0            
       351,  18.75          ,  -12.5          ,  0.0            
       352,  18.75          ,  12.5           ,  0.0            
       353,  31.25          ,  12.5           ,  0.0            
       354,  12.5           ,  18.75          ,  0.0            
       355,  12.5           ,  31.25          ,  0.0            
       356,  -12.5          ,  18.75          ,  0.0            
       357,  -12.5          ,  31.25          ,  0.0            
       358,  -31.25         ,  -37.5          ,  0.0            
       359,  -18.75         ,  -37.5          ,  0.0            
       360,  18.75          ,  -37.5          ,  0.0            
       361,  31.25          ,  -37.5          ,  0.0            
       362,  -37.5          ,  -31.25         ,  0.0            
       363,  -37.5          ,  -18.75         ,  0.0            
       364,  -37.5          ,  18.75          ,  0.0            
       365,  -37.5          ,  31.25          ,  0.0            
       366,  37.5           ,  -31.25         ,  0.0            
       367,  37.5           ,  -18.75         ,  0.0            
       368,  37.5           ,  18.75          ,  0.0            
       369,  37.5           ,  31.25          ,  0.0            
       370,  31.25          ,  37.5           ,  0.0            
       371,  18.75          ,  37.5           ,  0.0            
       372,  -18.75         ,  37.5           ,  0.0            
       373,  -31.25         ,  37.5           ,  0.0            
       374,  -31.25         ,  -31.25         ,  0.0            
       375,  -6.25          ,  -31.25         ,  0.0            
       376,  -18.75         ,  -31.25         ,  0.0            
       377,  -18.75         ,  -18.75         ,  0.0            
       378,  -6.25          ,  -18.75         ,  0.0            
       379,  -6.25          ,  -6.25          ,  0.0            
       380,  -18.75         ,  -6.25          ,  0.0            
       381,  -31.25         ,  -18.75         ,  0.0            
       382,  -31.25         ,  -6.25          ,  0.0            
       383,  18.75          ,  -31.25         ,  0.0            
       384,  6.25           ,  -31.25         ,  0.0            
       385,  31.25          ,  -31.25         ,  0.0            
       386,  31.25          ,  -18.75         ,  0.0            
       387,  31.25          ,  -6.25          ,  0.0            
       388,  6.25           ,  -18.75         ,  0.0            
       389,  18.75          ,  -18.75         ,  0.0            
       390,  18.75          ,  -6.25          ,  0.0            
       391,  6.25           ,  -6.25          ,  0.0            
       392,  6.25           ,  6.25           ,  0.0            
       393,  18.75          ,  6.25           ,  0.0            
       394,  18.75          ,  18.75          ,  0.0            
       395,  6.25           ,  18.75          ,  0.0            
       396,  31.25          ,  6.25           ,  0.0            
       397,  31.25          ,  18.75          ,  0.0            
       398,  31.25          ,  31.25          ,  0.0            
       399,  6.25           ,  31.25          ,  0.0            
       400,  18.75          ,  31.25          ,  0.0            
       401,  -31.25         ,  6.25           ,  0.0            
       402,  -31.25         ,  18.75          ,  0.0            
       403,  -18.75         ,  6.25           ,  0.0            
       404,  -6.25          ,  6.25           ,  0.0            
       405,  -6.25          ,  18.75          ,  0.0            
       406,  -18.75         ,  18.75          ,  0.0            
       407,  -18.75         ,  31.25          ,  0.0            
       408,  -6.25          ,  31.25          ,  0.0            
       409,  -31.25         ,  31.25          ,  0.0            
       410,  31.25          ,  43.75          ,  0.0            
       411,  25.0           ,  43.75          ,  0.0            
       413,  18.75          ,  43.75          ,  0.0            
       415,  6.25           ,  43.75          ,  0.0            
       416,  0.0            ,  43.75          ,  0.0            
       418,  -6.25          ,  43.75          ,  0.0            
       420,  -18.75         ,  43.75          ,  0.0            
       421,  -25.0          ,  43.75          ,  0.0            
       423,  -31.25         ,  43.75          ,  0.0            
       425,  43.75          ,  -31.25         ,  0.0            
       426,  43.75          ,  -25.0          ,  0.0            
       428,  43.75          ,  -18.75         ,  0.0            
       430,  43.75          ,  -6.25          ,  0.0            
       431,  43.75          ,  0.0            ,  0.0            
       433,  43.75          ,  6.25           ,  0.0            
       435,  43.75          ,  18.75          ,  0.0            
       436,  43.75          ,  25.0           ,  0.0            
       438,  43.75          ,  31.25          ,  0.0            
       440,  -31.25         ,  -43.75         ,  0.0            
       441,  -25.0          ,  -43.75         ,  0.0            
       443,  -18.75         ,  -43.75         ,  0.0            
       445,  -6.25          ,  -43.75         ,  0.0            
       446,  0.0            ,  -43.75         ,  0.0            
       448,  6.25           ,  -43.75         ,  0.0            
       450,  18.75          ,  -43.75         ,  0.0            
       451,  25.0           ,  -43.75         ,  0.0            
       453,  31.25          ,  -43.75         ,  0.0            
       455,  -43.75         ,  -31.25         ,  0.0            
       457,  -43.75         ,  -25.0          ,  0.0            
       458,  -43.75         ,  -18.75         ,  0.0            
       460,  -43.75         ,  -6.25          ,  0.0            
       462,  -43.75         ,  0.0            ,  0.0            
       463,  -43.75         ,  6.25           ,  0.0            
       465,  -43.75         ,  18.75          ,  0.0            
       467,  -43.75         ,  25.0           ,  0.0            
       468,  -43.75         ,  31.25          ,  0.0            
*ELEMENT,TYPE=S4
       101,        83,       229,       163,        27
       405,       345,       389,       351,       257
       404,       389,       315,       190,       351
       403,       314,        73,       315,       389
       402,       187,       314,       389,       345
       100,       229,       162,        66,       163
        99,        82,        26,       162,       229
        98,         1,        82,       229,        83
        97,       162,       228,       194,        66
        96,       228,       108,        50,       194
        95,       106,        10,       108,       228
        94,        26,       106,       228,       162
        93,       196,       227,       147,        51
        92,       227,       146,        22,       147
        91,       194,        50,       146,       227
        90,        66,       194,       227,       196
        89,       109,       226,       111,        11
        88,       226,       196,        51,       111
        87,       163,        66,       196,       226
        86,        27,       163,       226,       109
       401,       294,       388,       327,       102
       400,       388,       345,       257,       327
       399,       297,       187,       345,       388
       398,        46,       297,       388,       294
       397,       304,       387,       303,        48
       396,       387,       338,       139,       303
       395,       350,       256,       338,       387
       394,       190,       350,       387,       304
       393,       315,       386,       350,       190
       392,       386,       367,       256,       350
       391,       317,       219,       367,       386
       390,        73,       317,       386,       315
       389,       316,       385,       317,        73
       388,       385,       366,       219,       317
       387,       361,       255,       366,       385
       386,       213,       361,       385,       316
       385,       295,       384,       297,        46
       384,       384,       344,       187,       297
       383,       335,       254,       344,       384
       382,       131,       335,       384,       295
       381,       344,       383,       314,       187
       380,       383,       316,        73,       314
       379,       360,       213,       316,       383
       378,       254,       360,       383,       344
       377,       336,       382,       299,       135
       376,       382,       300,        47,       299
       375,       347,       188,       300,       382
       374,       237,       347,       382,       336
       373,       363,       381,       347,       237
       372,       381,       311,       188,       347
       371,       313,        68,       311,       381
       370,       214,       313,       381,       363
       369,       300,       380,       298,        47
       368,       380,       328,       103,       298
       367,       346,       236,       328,       380
       366,       188,       346,       380,       300
       365,       328,       379,       291,       103
       364,       379,       290,         9,       291
       363,       326,       102,       290,       379
       362,       236,       326,       379,       328
       361,       343,       378,       326,       236
       360,       378,       294,       102,       326
       359,       296,        46,       294,       378
       358,       186,       296,       378,       343
       357,       311,       377,       346,       188
       356,       377,       343,       236,       346
       355,       310,       186,       343,       377
       354,        68,       310,       377,       311
       353,       312,       376,       310,        68
       352,       376,       342,       186,       310
       351,       359,       235,       342,       376
       350,       211,       359,       376,       312
       349,       342,       375,       296,       186
       348,       375,       295,        46,       296
       347,       334,       131,       295,       375
       346,       235,       334,       375,       342
       345,       362,       374,       313,       214
       344,       374,       312,        68,       313
       343,       358,       211,       312,       374
       342,       234,       358,       374,       362
       102,        10,       107,       230,       108
       103,       107,        34,       170,       230
       104,       230,       170,        67,       195
       105,       108,       230,       195,        50
       106,        34,        90,       231,       170
       107,        90,         5,        92,       231
       108,       231,        92,        36,       172
       109,       170,       231,       172,        67
       110,        67,       172,       232,       210
       111,       172,        36,       130,       232
       112,       232,       130,        18,       132
       113,       210,       232,       132,        58
       114,        50,       195,       233,       146
       115,       195,        67,       210,       233
       116,       233,       210,        58,       148
       117,       146,       233,       148,        22
       118,        22,       148,       234,       149
       545,       457,       458,       136,        60
       533,       335,       448,       133,       254
       544,       458,       363,       237,       136
       543,       457,       214,       363,       458
       532,       448,       446,        18,       133
       531,       335,       131,       446,       448
       530,       446,       445,       132,        18
       529,       445,       334,       235,       132
       528,       446,       131,       334,       445
       521,       369,       438,       156,       260
       520,       438,       436,        63,       156
       519,       369,       220,       436,       438
       134,        11,       111,       238,       110
       135,       111,        51,       197,       238
       136,       238,       197,        69,       174
       137,       110,       238,       174,        37
       138,        51,       147,       239,       197
       139,       147,        22,       149,       239
       140,       239,       149,        60,       215
       141,       197,       239,       215,        69
       142,        69,       215,       240,       176
       143,       215,        60,       136,       240
       144,       240,       136,        19,       134
       145,       176,       240,       134,        39
       146,        37,       174,       241,        93
       147,       174,        69,       176,       241
       148,       241,       176,        39,        95
       149,        93,       241,        95,         6
       150,         5,        91,       242,        92
       151,        91,        35,       171,       242
       152,       242,       171,        70,       173
       153,        92,       242,       173,        36
       154,        35,       113,       243,       171
       155,       113,        12,       114,       243
       156,       243,       114,        52,       198
       157,       171,       243,       198,        70
       158,        70,       198,       244,       212
       159,       198,        52,       150,       244
       160,       244,       150,        23,       152
       161,       212,       244,       152,        59
       162,        36,       173,       245,       130
       163,       173,        70,       212,       245
       164,       245,       212,        59,       133
       165,       130,       245,       133,        18
       166,        12,       112,       246,       114
       167,       112,        28,       164,       246
       168,       246,       164,        71,       199
       169,       114,       246,       199,        52
       170,        28,        84,       247,       164
       171,        84,         2,        85,       247
       172,       247,        85,        29,       165
       173,       164,       247,       165,        71
       174,        71,       165,       248,       200
       175,       165,        29,       115,       248
       176,       248,       115,        13,       117
       177,       200,       248,       117,        53
       178,        52,       199,       249,       150
       179,       199,        71,       200,       249
       180,       249,       200,        53,       151
       181,       150,       249,       151,        23
       182,        23,       151,       250,       153
       183,       151,        53,       201,       250
       184,       250,       201,        72,       218
       185,       153,       250,       218,        62
       186,        53,       117,       251,       201
       187,       117,        13,       116,       251
       188,       251,       116,        40,       178
       189,       201,       251,       178,        72
       190,        72,       178,       252,       180
       191,       178,        40,        96,       252
       192,       252,        96,         7,        98
       193,       180,       252,        98,        42
       194,        62,       218,       253,       140
       195,       218,        72,       180,       253
       196,       253,       180,        42,       138
       197,       140,       253,       138,        20
       542,       362,       455,       149,       234
       541,       455,       457,        60,       149
       518,       436,       435,       141,        63
       517,       435,       368,       259,       141
       540,       362,       214,       457,       455
       203,       152,        23,       153,       255
       527,       359,       443,       132,       235
       516,       436,       220,       368,       435
       515,       339,       433,       141,       259
       526,       443,       441,        58,       132
       525,       359,       211,       441,       443
       514,       433,       431,        20,       141
       513,       339,       139,       431,       433
       512,       431,       430,       140,        20
       511,       430,       338,       256,       140
       510,       431,       139,       338,       430
       503,       373,       423,       161,       281
       502,       423,       421,        65,       161
       501,       373,       224,       421,       423
       500,       421,       420,       145,        65
       499,       420,       372,       280,       145
       524,       441,       440,       148,        58
       523,       440,       358,       234,       148
       498,       421,       224,       372,       420
       497,       341,       418,       145,       280
       522,       441,       211,       358,       440
       224,       260,       156,        24,       157
       509,       367,       428,       140,       256
       496,       418,       416,        21,       145
       495,       341,       143,       416,       418
       508,       428,       426,        62,       140
       507,       367,       219,       426,       428
       230,        20,       138,       262,       141
       231,       138,        42,       181,       262
       232,       262,       181,        75,       221
       233,       141,       262,       221,        63
       234,        42,        98,       263,       181
       235,        98,         7,        97,       263
       236,       263,        97,        41,       179
       237,       181,       263,       179,        75
       238,        75,       179,       264,       202
       239,       179,        41,       119,       264
       240,       264,       119,        14,       120
       241,       202,       264,       120,        54
       242,        63,       221,       265,       156
       243,       221,        75,       202,       265
       244,       265,       202,        54,       154
       245,       156,       265,       154,        24
       246,        24,       154,       266,       155
       247,       154,        54,       203,       266
       248,       266,       203,        76,       204
       249,       155,       266,       204,        55
       250,        54,       120,       267,       203
       251,       120,        14,       118,       267
       252,       267,       118,        30,       166
       253,       203,       267,       166,        76
       254,        76,       166,       268,       167
       255,       166,        30,        86,       268
       256,       268,        86,         3,        87
       257,       167,       268,        87,        31
       258,        55,       204,       269,       123
       259,       204,        76,       167,       269
       260,       269,       167,        31,       121
       261,       123,       269,       121,        15
       262,        21,       144,       270,       142
       263,       144,        64,       223,       270
       264,       270,       223,        77,       184
       265,       142,       270,       184,        45
       266,        64,       157,       271,       223
       267,       157,        24,       155,       271
       268,       271,       155,        55,       205
       269,       223,       271,       205,        77
       270,        77,       205,       272,       182
       271,       205,        55,       123,       272
       272,       272,       123,        15,       122
       273,       182,       272,       122,        43
       274,        45,       184,       273,       101
       275,       184,        77,       182,       273
       276,       273,       182,        43,        99
       277,       101,       273,        99,         8
       278,         6,        95,       274,        94
       279,        95,        39,       177,       274
       280,       274,       177,        78,       175
       281,        94,       274,       175,        38
       282,        39,       134,       275,       177
       283,       134,        19,       137,       275
       284,       275,       137,        61,       216
       285,       177,       275,       216,        78
       286,        78,       216,       276,       206
       287,       216,        61,       160,       276
       288,       276,       160,        25,       158
       289,       206,       276,       158,        56
       290,        38,       175,       277,       125
       291,       175,        78,       206,       277
       292,       277,       206,        56,       126
       293,       125,       277,       126,        16
       494,       416,       415,       144,        21
       493,       415,       340,       261,       144
       492,       416,       143,       340,       415
       491,       371,       413,       144,       261
       490,       413,       411,        64,       144
       489,       371,       222,       411,       413
       488,       411,       410,       157,        64
       487,       410,       370,       260,       157
       506,       426,       425,       153,        62
       505,       425,       366,       255,       153
       486,       411,       222,       370,       410
       504,       426,       219,       366,       425
       309,       160,       281,       161,        25
       310,        25,       161,       282,       159
       311,       161,        65,       225,       282
       312,       282,       225,        80,       208
       313,       159,       282,       208,        57
       314,        65,       145,       283,       225
       315,       145,        21,       142,       283
       316,       283,       142,        45,       185
       317,       225,       283,       185,        80
       318,        80,       185,       284,       183
       319,       185,        45,       101,       284
       320,       284,       101,         8,       100
       321,       183,       284,       100,        44
       322,        57,       208,       285,       129
       323,       208,        80,       183,       285
       324,       285,       183,        44,       128
       325,       129,       285,       128,        17
       326,        16,       126,       286,       124
       327,       126,        56,       207,       286
       328,       286,       207,        81,       168
       329,       124,       286,       168,        32
       330,        56,       158,       287,       207
       331,       158,        25,       159,       287
       332,       287,       159,        57,       209
       333,       207,       287,       209,        81
       334,        81,       209,       288,       169
       335,       209,        57,       129,       288
       336,       288,       129,        17,       127
       337,       169,       288,       127,        33
       338,        32,       168,       289,        88
       339,       168,        81,       169,       289
       340,       289,       169,        33,        89
       341,        88,       289,        89,         4
       406,       257,       351,       390,       330
       407,       351,       190,       304,       390
       408,       390,       304,        48,       302
       409,       330,       390,       302,       104
       410,       102,       327,       391,       290
       411,       327,       257,       330,       391
       412,       391,       330,       104,       292
       413,       290,       391,       292,         9
       414,         9,       292,       392,       293
       415,       292,       104,       331,       392
       416,       392,       331,       258,       332
       417,       293,       392,       332,       105
       418,       104,       302,       393,       331
       419,       302,        48,       305,       393
       420,       393,       305,       191,       352
       421,       331,       393,       352,       258
       422,       258,       352,       394,       354
       423,       352,       191,       318,       394
       424,       394,       318,        74,       319
       425,       354,       394,       319,       192
       426,       105,       332,       395,       306
       427,       332,       258,       354,       395
       428,       395,       354,       192,       308
       429,       306,       395,       308,        49
       430,        48,       303,       396,       305
       431,       303,       139,       339,       396
       432,       396,       339,       259,       353
       433,       305,       396,       353,       191
       434,       191,       353,       397,       318
       435,       353,       259,       368,       397
       436,       397,       368,       220,       320
       437,       318,       397,       320,        74
       438,        74,       320,       398,       321
       439,       320,       220,       369,       398
       440,       398,       369,       260,       370
       441,       321,       398,       370,       222
       442,        49,       308,       399,       307
       443,       308,       192,       355,       399
       444,       399,       355,       261,       340
       445,       307,       399,       340,       143
       446,       192,       319,       400,       355
       447,       319,        74,       321,       400
       448,       400,       321,       222,       371
       449,       355,       400,       371,       261
       450,       135,       299,       401,       337
       451,       299,        47,       301,       401
       452,       401,       301,       189,       348
       453,       337,       401,       348,       278
       454,       278,       348,       402,       364
       455,       348,       189,       322,       402
       456,       402,       322,        79,       324
       457,       364,       402,       324,       217
       458,        47,       298,       403,       301
       459,       298,       103,       329,       403
       460,       403,       329,       279,       349
       461,       301,       403,       349,       189
       462,       103,       291,       404,       329
       463,       291,         9,       293,       404
       464,       404,       293,       105,       333
       465,       329,       404,       333,       279
       466,       279,       333,       405,       356
       467,       333,       105,       306,       405
       468,       405,       306,        49,       309
       469,       356,       405,       309,       193
       470,       189,       349,       406,       322
       471,       349,       279,       356,       406
       472,       406,       356,       193,       323
       473,       322,       406,       323,        79
       474,        79,       323,       407,       325
       475,       323,       193,       357,       407
       476,       407,       357,       280,       372
       477,       325,       407,       372,       224
       478,       193,       309,       408,       357
       479,       309,        49,       307,       408
       480,       408,       307,       143,       341
       481,       357,       408,       341,       280
       482,       217,       324,       409,       365
       483,       324,        79,       325,       409
       484,       409,       325,       224,       373
       485,       365,       409,       373,       281
       534,       451,       213,       360,       450
       535,       450,       360,       254,       133
       536,       451,       450,       133,        59
       537,       361,       213,       451,       453
       538,       453,       451,        59,       152
       539,       361,       453,       152,       255
       546,       336,       135,       462,       460
       547,       460,       462,        19,       136
       548,       336,       460,       136,       237
       549,       462,       135,       337,       463
       550,       463,       337,       278,       137
       551,       462,       463,       137,        19
       552,       364,       217,       467,       465
       553,       465,       467,        61,       137
       554,       364,       465,       137,       278
       555,       467,       217,       365,       468
       556,       468,       365,       281,       160
       557,       467,       468,       160,        61
*****
