**
**   Template: 2D Helmholtz solver
**
*NODE
         4,  -100.0         ,  100.0          ,  0.0            
        16,  -100.0         ,  50.0           ,  0.0            
        17,  -50.0          ,  100.0          ,  0.0            
        25,  -50.0          ,  50.0           ,  0.0            
        32,  -100.0         ,  75.0           ,  0.0            
        33,  -75.0          ,  100.0          ,  0.0            
        38,  -100.0         ,  25.0           ,  0.0            
        44,  -25.0          ,  100.0          ,  0.0            
        56,  -75.0          ,  50.0           ,  0.0            
        57,  -50.0          ,  75.0           ,  0.0            
        61,  -50.0          ,  25.0           ,  0.0            
        65,  -25.0          ,  50.0           ,  0.0            
        78,  -75.0          ,  25.0           ,  0.0            
        79,  -25.0          ,  25.0           ,  0.0            
        80,  -25.0          ,  75.0           ,  0.0            
        81,  -75.0          ,  75.0           ,  0.0            
        88,  -100.0         ,  87.5           ,  0.0            
        89,  -87.5          ,  100.0          ,  0.0            
       100,  -12.5          ,  100.0          ,  0.0            
       124,  -100.0         ,  62.5           ,  0.0            
       125,  -100.0         ,  37.5           ,  0.0            
       126,  -87.5          ,  50.0           ,  0.0            
       127,  -62.5          ,  100.0          ,  0.0            
       128,  -37.5          ,  100.0          ,  0.0            
       129,  -50.0          ,  87.5           ,  0.0            
       145,  -12.5          ,  50.0           ,  0.0            
       158,  -62.5          ,  50.0           ,  0.0            
       159,  -50.0          ,  62.5           ,  0.0            
       160,  -50.0          ,  37.5           ,  0.0            
       161,  -37.5          ,  50.0           ,  0.0            
       168,  -87.5          ,  75.0           ,  0.0            
       169,  -75.0          ,  87.5           ,  0.0            
       175,  -87.5          ,  25.0           ,  0.0            
       183,  -25.0          ,  87.5           ,  0.0            
       185,  -12.5          ,  75.0           ,  0.0            
       193,  -12.5          ,  25.0           ,  0.0            
       206,  -75.0          ,  37.5           ,  0.0            
       207,  -75.0          ,  62.5           ,  0.0            
       208,  -37.5          ,  75.0           ,  0.0            
       209,  -62.5          ,  75.0           ,  0.0            
       216,  -62.5          ,  25.0           ,  0.0            
       217,  -37.5          ,  25.0           ,  0.0            
       224,  -25.0          ,  37.5           ,  0.0            
       225,  -25.0          ,  62.5           ,  0.0            
       276,  -62.5          ,  37.5           ,  0.0            
       277,  -87.5          ,  37.5           ,  0.0            
       280,  -12.5          ,  37.5           ,  0.0            
       281,  -37.5          ,  37.5           ,  0.0            
       282,  -37.5          ,  62.5           ,  0.0            
       283,  -12.5          ,  62.5           ,  0.0            
       284,  -12.5          ,  87.5           ,  0.0            
       285,  -37.5          ,  87.5           ,  0.0            
       286,  -87.5          ,  62.5           ,  0.0            
       287,  -62.5          ,  62.5           ,  0.0            
       288,  -62.5          ,  87.5           ,  0.0            
       289,  -87.5          ,  87.5           ,  0.0            
*ELEMENT,TYPE=S4
       286,        78,       216,       276,       206
       287,       216,        61,       160,       276
       288,       276,       160,        25,       158
       289,       206,       276,       158,        56
       290,        38,       175,       277,       125
       291,       175,        78,       206,       277
       292,       277,       206,        56,       126
       293,       125,       277,       126,        16
       302,        79,       193,       280,       224
       305,       224,       280,       145,        65
       306,        61,       217,       281,       160
       307,       217,        79,       224,       281
       308,       281,       224,        65,       161
       309,       160,       281,       161,        25
       310,        25,       161,       282,       159
       311,       161,        65,       225,       282
       312,       282,       225,        80,       208
       313,       159,       282,       208,        57
       314,        65,       145,       283,       225
       317,       225,       283,       185,        80
       318,        80,       185,       284,       183
       321,       183,       284,       100,        44
       322,        57,       208,       285,       129
       323,       208,        80,       183,       285
       324,       285,       183,        44,       128
       325,       129,       285,       128,        17
       326,        16,       126,       286,       124
       327,       126,        56,       207,       286
       328,       286,       207,        81,       168
       329,       124,       286,       168,        32
       330,        56,       158,       287,       207
       331,       158,        25,       159,       287
       332,       287,       159,        57,       209
       333,       207,       287,       209,        81
       334,        81,       209,       288,       169
       335,       209,        57,       129,       288
       336,       288,       129,        17,       127
       337,       169,       288,       127,        33
       338,        32,       168,       289,        88
       339,       168,        81,       169,       289
       340,       289,       169,        33,        89
       341,        88,       289,        89,         4
*****
