**
**   Template:  2D Helmholtz solver
**
*NODE
         1,  -100.0         ,  -100.0         ,  0.0            
         2,  100.0          ,  -100.0         ,  0.0            
         3,  100.0          ,  100.0          ,  0.0            
         4,  -100.0         ,  100.0          ,  0.0            
         5,  0.0            ,  -100.0         ,  0.0            
         6,  -100.0         ,  0.0            ,  0.0            
         7,  100.0          ,  0.0            ,  0.0            
         8,  0.0            ,  100.0          ,  0.0            
         9,  0.0            ,  0.0            ,  0.0            
        10,  -50.0          ,  -100.0         ,  0.0            
        11,  -100.0         ,  -50.0          ,  0.0            
        12,  50.0           ,  -100.0         ,  0.0            
        13,  100.0          ,  -50.0          ,  0.0            
        14,  100.0          ,  50.0           ,  0.0            
        15,  50.0           ,  100.0          ,  0.0            
        16,  -100.0         ,  50.0           ,  0.0            
        17,  -50.0          ,  100.0          ,  0.0            
        18,  0.0            ,  -50.0          ,  0.0            
        19,  -50.0          ,  0.0            ,  0.0            
        20,  50.0           ,  0.0            ,  0.0            
        21,  0.0            ,  50.0           ,  0.0            
        22,  -50.0          ,  -50.0          ,  0.0            
        23,  50.0           ,  -50.0          ,  0.0            
        24,  50.0           ,  50.0           ,  0.0            
        25,  -50.0          ,  50.0           ,  0.0            
*ELEMENT,TYPE=S4
         6,         1,        10,        22,        11
         7,        10,         5,        18,        22
         8,        22,        18,         9,        19
         9,        11,        22,        19,         6
        10,         5,        12,        23,        18
        11,        12,         2,        13,        23
        12,        23,        13,         7,        20
        13,        18,        23,        20,         9
        14,         9,        20,        24,        21
        15,        20,         7,        14,        24
        16,        24,        14,         3,        15
        17,        21,        24,        15,         8
        18,         6,        19,        25,        16
        19,        19,         9,        21,        25
        20,        25,        21,         8,        17
        21,        16,        25,        17,         4
*****
